500 1
7.712251236004671 7.712251236004671 7.712251236004671 0.000000 0.000000 0.000000
1 1 0.000000000000000 0.000000000000000 0.000000000000000
1 2 0.771225123600467 0.771225123600467 0.000000000000000
1 3 0.771225123600467 0.000000000000000 0.771225123600467
1 4 0.000000000000000 0.771225123600467 0.771225123600467
1 5 1.542450247200934 0.000000000000000 0.000000000000000
1 6 2.313675370801402 0.771225123600467 0.000000000000000
1 7 2.313675370801402 0.000000000000000 0.771225123600467
1 8 1.542450247200934 0.771225123600467 0.771225123600467
1 9 3.084900494401869 0.000000000000000 0.000000000000000
1 10 3.856125618002336 0.771225123600467 0.000000000000000
1 11 3.856125618002336 0.000000000000000 0.771225123600467
1 12 3.084900494401869 0.771225123600467 0.771225123600467
1 13 4.627350741602803 0.000000000000000 0.000000000000000
1 14 5.398575865203270 0.771225123600467 0.000000000000000
1 15 5.398575865203270 0.000000000000000 0.771225123600467
1 16 4.627350741602803 0.771225123600467 0.771225123600467
1 17 6.169800988803737 0.000000000000000 0.000000000000000
1 18 6.941026112404204 0.771225123600467 0.000000000000000
1 19 6.941026112404204 0.000000000000000 0.771225123600467
1 20 6.169800988803737 0.771225123600467 0.771225123600467
1 21 0.000000000000000 1.542450247200934 0.000000000000000
1 22 0.771225123600467 2.313675370801402 0.000000000000000
1 23 0.771225123600467 1.542450247200934 0.771225123600467
1 24 0.000000000000000 2.313675370801402 0.771225123600467
1 25 1.542450247200934 1.542450247200934 0.000000000000000
1 26 2.313675370801402 2.313675370801402 0.000000000000000
1 27 2.313675370801402 1.542450247200934 0.771225123600467
1 28 1.542450247200934 2.313675370801402 0.771225123600467
1 29 3.084900494401869 1.542450247200934 0.000000000000000
1 30 3.856125618002336 2.313675370801402 0.000000000000000
1 31 3.856125618002336 1.542450247200934 0.771225123600467
1 32 3.084900494401869 2.313675370801402 0.771225123600467
1 33 4.627350741602803 1.542450247200934 0.000000000000000
1 34 5.398575865203270 2.313675370801402 0.000000000000000
1 35 5.398575865203270 1.542450247200934 0.771225123600467
1 36 4.627350741602803 2.313675370801402 0.771225123600467
1 37 6.169800988803737 1.542450247200934 0.000000000000000
1 38 6.941026112404204 2.313675370801402 0.000000000000000
1 39 6.941026112404204 1.542450247200934 0.771225123600467
1 40 6.169800988803737 2.313675370801402 0.771225123600467
1 41 0.000000000000000 3.084900494401869 0.000000000000000
1 42 0.771225123600467 3.856125618002336 0.000000000000000
1 43 0.771225123600467 3.084900494401869 0.771225123600467
1 44 0.000000000000000 3.856125618002336 0.771225123600467
1 45 1.542450247200934 3.084900494401869 0.000000000000000
1 46 2.313675370801402 3.856125618002336 0.000000000000000
1 47 2.313675370801402 3.084900494401869 0.771225123600467
1 48 1.542450247200934 3.856125618002336 0.771225123600467
1 49 3.084900494401869 3.084900494401869 0.000000000000000
1 50 3.856125618002336 3.856125618002336 0.000000000000000
1 51 3.856125618002336 3.084900494401869 0.771225123600467
1 52 3.084900494401869 3.856125618002336 0.771225123600467
1 53 4.627350741602803 3.084900494401869 0.000000000000000
1 54 5.398575865203270 3.856125618002336 0.000000000000000
1 55 5.398575865203270 3.084900494401869 0.771225123600467
1 56 4.627350741602803 3.856125618002336 0.771225123600467
1 57 6.169800988803737 3.084900494401869 0.000000000000000
1 58 6.941026112404204 3.856125618002336 0.000000000000000
1 59 6.941026112404204 3.084900494401869 0.771225123600467
1 60 6.169800988803737 3.856125618002336 0.771225123600467
1 61 0.000000000000000 4.627350741602803 0.000000000000000
1 62 0.771225123600467 5.398575865203270 0.000000000000000
1 63 0.771225123600467 4.627350741602803 0.771225123600467
1 64 0.000000000000000 5.398575865203270 0.771225123600467
1 65 1.542450247200934 4.627350741602803 0.000000000000000
1 66 2.313675370801402 5.398575865203270 0.000000000000000
1 67 2.313675370801402 4.627350741602803 0.771225123600467
1 68 1.542450247200934 5.398575865203270 0.771225123600467
1 69 3.084900494401869 4.627350741602803 0.000000000000000
1 70 3.856125618002336 5.398575865203270 0.000000000000000
1 71 3.856125618002336 4.627350741602803 0.771225123600467
1 72 3.084900494401869 5.398575865203270 0.771225123600467
1 73 4.627350741602803 4.627350741602803 0.000000000000000
1 74 5.398575865203270 5.398575865203270 0.000000000000000
1 75 5.398575865203270 4.627350741602803 0.771225123600467
1 76 4.627350741602803 5.398575865203270 0.771225123600467
1 77 6.169800988803737 4.627350741602803 0.000000000000000
1 78 6.941026112404204 5.398575865203270 0.000000000000000
1 79 6.941026112404204 4.627350741602803 0.771225123600467
1 80 6.169800988803737 5.398575865203270 0.771225123600467
1 81 0.000000000000000 6.169800988803737 0.000000000000000
1 82 0.771225123600467 6.941026112404204 0.000000000000000
1 83 0.771225123600467 6.169800988803737 0.771225123600467
1 84 0.000000000000000 6.941026112404204 0.771225123600467
1 85 1.542450247200934 6.169800988803737 0.000000000000000
1 86 2.313675370801402 6.941026112404204 0.000000000000000
1 87 2.313675370801402 6.169800988803737 0.771225123600467
1 88 1.542450247200934 6.941026112404204 0.771225123600467
1 89 3.084900494401869 6.169800988803737 0.000000000000000
1 90 3.856125618002336 6.941026112404204 0.000000000000000
1 91 3.856125618002336 6.169800988803737 0.771225123600467
1 92 3.084900494401869 6.941026112404204 0.771225123600467
1 93 4.627350741602803 6.169800988803737 0.000000000000000
1 94 5.398575865203270 6.941026112404204 0.000000000000000
1 95 5.398575865203270 6.169800988803737 0.771225123600467
1 96 4.627350741602803 6.941026112404204 0.771225123600467
1 97 6.169800988803737 6.169800988803737 0.000000000000000
1 98 6.941026112404204 6.941026112404204 0.000000000000000
1 99 6.941026112404204 6.169800988803737 0.771225123600467
1 100 6.169800988803737 6.941026112404204 0.771225123600467
1 101 0.000000000000000 0.000000000000000 1.542450247200934
1 102 0.771225123600467 0.771225123600467 1.542450247200934
1 103 0.771225123600467 0.000000000000000 2.313675370801402
1 104 0.000000000000000 0.771225123600467 2.313675370801402
1 105 1.542450247200934 0.000000000000000 1.542450247200934
1 106 2.313675370801402 0.771225123600467 1.542450247200934
1 107 2.313675370801402 0.000000000000000 2.313675370801402
1 108 1.542450247200934 0.771225123600467 2.313675370801402
1 109 3.084900494401869 0.000000000000000 1.542450247200934
1 110 3.856125618002336 0.771225123600467 1.542450247200934
1 111 3.856125618002336 0.000000000000000 2.313675370801402
1 112 3.084900494401869 0.771225123600467 2.313675370801402
1 113 4.627350741602803 0.000000000000000 1.542450247200934
1 114 5.398575865203270 0.771225123600467 1.542450247200934
1 115 5.398575865203270 0.000000000000000 2.313675370801402
1 116 4.627350741602803 0.771225123600467 2.313675370801402
1 117 6.169800988803737 0.000000000000000 1.542450247200934
1 118 6.941026112404204 0.771225123600467 1.542450247200934
1 119 6.941026112404204 0.000000000000000 2.313675370801402
1 120 6.169800988803737 0.771225123600467 2.313675370801402
1 121 0.000000000000000 1.542450247200934 1.542450247200934
1 122 0.771225123600467 2.313675370801402 1.542450247200934
1 123 0.771225123600467 1.542450247200934 2.313675370801402
1 124 0.000000000000000 2.313675370801402 2.313675370801402
1 125 1.542450247200934 1.542450247200934 1.542450247200934
1 126 2.313675370801402 2.313675370801402 1.542450247200934
1 127 2.313675370801402 1.542450247200934 2.313675370801402
1 128 1.542450247200934 2.313675370801402 2.313675370801402
1 129 3.084900494401869 1.542450247200934 1.542450247200934
1 130 3.856125618002336 2.313675370801402 1.542450247200934
1 131 3.856125618002336 1.542450247200934 2.313675370801402
1 132 3.084900494401869 2.313675370801402 2.313675370801402
1 133 4.627350741602803 1.542450247200934 1.542450247200934
1 134 5.398575865203270 2.313675370801402 1.542450247200934
1 135 5.398575865203270 1.542450247200934 2.313675370801402
1 136 4.627350741602803 2.313675370801402 2.313675370801402
1 137 6.169800988803737 1.542450247200934 1.542450247200934
1 138 6.941026112404204 2.313675370801402 1.542450247200934
1 139 6.941026112404204 1.542450247200934 2.313675370801402
1 140 6.169800988803737 2.313675370801402 2.313675370801402
1 141 0.000000000000000 3.084900494401869 1.542450247200934
1 142 0.771225123600467 3.856125618002336 1.542450247200934
1 143 0.771225123600467 3.084900494401869 2.313675370801402
1 144 0.000000000000000 3.856125618002336 2.313675370801402
1 145 1.542450247200934 3.084900494401869 1.542450247200934
1 146 2.313675370801402 3.856125618002336 1.542450247200934
1 147 2.313675370801402 3.084900494401869 2.313675370801402
1 148 1.542450247200934 3.856125618002336 2.313675370801402
1 149 3.084900494401869 3.084900494401869 1.542450247200934
1 150 3.856125618002336 3.856125618002336 1.542450247200934
1 151 3.856125618002336 3.084900494401869 2.313675370801402
1 152 3.084900494401869 3.856125618002336 2.313675370801402
1 153 4.627350741602803 3.084900494401869 1.542450247200934
1 154 5.398575865203270 3.856125618002336 1.542450247200934
1 155 5.398575865203270 3.084900494401869 2.313675370801402
1 156 4.627350741602803 3.856125618002336 2.313675370801402
1 157 6.169800988803737 3.084900494401869 1.542450247200934
1 158 6.941026112404204 3.856125618002336 1.542450247200934
1 159 6.941026112404204 3.084900494401869 2.313675370801402
1 160 6.169800988803737 3.856125618002336 2.313675370801402
1 161 0.000000000000000 4.627350741602803 1.542450247200934
1 162 0.771225123600467 5.398575865203270 1.542450247200934
1 163 0.771225123600467 4.627350741602803 2.313675370801402
1 164 0.000000000000000 5.398575865203270 2.313675370801402
1 165 1.542450247200934 4.627350741602803 1.542450247200934
1 166 2.313675370801402 5.398575865203270 1.542450247200934
1 167 2.313675370801402 4.627350741602803 2.313675370801402
1 168 1.542450247200934 5.398575865203270 2.313675370801402
1 169 3.084900494401869 4.627350741602803 1.542450247200934
1 170 3.856125618002336 5.398575865203270 1.542450247200934
1 171 3.856125618002336 4.627350741602803 2.313675370801402
1 172 3.084900494401869 5.398575865203270 2.313675370801402
1 173 4.627350741602803 4.627350741602803 1.542450247200934
1 174 5.398575865203270 5.398575865203270 1.542450247200934
1 175 5.398575865203270 4.627350741602803 2.313675370801402
1 176 4.627350741602803 5.398575865203270 2.313675370801402
1 177 6.169800988803737 4.627350741602803 1.542450247200934
1 178 6.941026112404204 5.398575865203270 1.542450247200934
1 179 6.941026112404204 4.627350741602803 2.313675370801402
1 180 6.169800988803737 5.398575865203270 2.313675370801402
1 181 0.000000000000000 6.169800988803737 1.542450247200934
1 182 0.771225123600467 6.941026112404204 1.542450247200934
1 183 0.771225123600467 6.169800988803737 2.313675370801402
1 184 0.000000000000000 6.941026112404204 2.313675370801402
1 185 1.542450247200934 6.169800988803737 1.542450247200934
1 186 2.313675370801402 6.941026112404204 1.542450247200934
1 187 2.313675370801402 6.169800988803737 2.313675370801402
1 188 1.542450247200934 6.941026112404204 2.313675370801402
1 189 3.084900494401869 6.169800988803737 1.542450247200934
1 190 3.856125618002336 6.941026112404204 1.542450247200934
1 191 3.856125618002336 6.169800988803737 2.313675370801402
1 192 3.084900494401869 6.941026112404204 2.313675370801402
1 193 4.627350741602803 6.169800988803737 1.542450247200934
1 194 5.398575865203270 6.941026112404204 1.542450247200934
1 195 5.398575865203270 6.169800988803737 2.313675370801402
1 196 4.627350741602803 6.941026112404204 2.313675370801402
1 197 6.169800988803737 6.169800988803737 1.542450247200934
1 198 6.941026112404204 6.941026112404204 1.542450247200934
1 199 6.941026112404204 6.169800988803737 2.313675370801402
1 200 6.169800988803737 6.941026112404204 2.313675370801402
1 201 0.000000000000000 0.000000000000000 3.084900494401869
1 202 0.771225123600467 0.771225123600467 3.084900494401869
1 203 0.771225123600467 0.000000000000000 3.856125618002336
1 204 0.000000000000000 0.771225123600467 3.856125618002336
1 205 1.542450247200934 0.000000000000000 3.084900494401869
1 206 2.313675370801402 0.771225123600467 3.084900494401869
1 207 2.313675370801402 0.000000000000000 3.856125618002336
1 208 1.542450247200934 0.771225123600467 3.856125618002336
1 209 3.084900494401869 0.000000000000000 3.084900494401869
1 210 3.856125618002336 0.771225123600467 3.084900494401869
1 211 3.856125618002336 0.000000000000000 3.856125618002336
1 212 3.084900494401869 0.771225123600467 3.856125618002336
1 213 4.627350741602803 0.000000000000000 3.084900494401869
1 214 5.398575865203270 0.771225123600467 3.084900494401869
1 215 5.398575865203270 0.000000000000000 3.856125618002336
1 216 4.627350741602803 0.771225123600467 3.856125618002336
1 217 6.169800988803737 0.000000000000000 3.084900494401869
1 218 6.941026112404204 0.771225123600467 3.084900494401869
1 219 6.941026112404204 0.000000000000000 3.856125618002336
1 220 6.169800988803737 0.771225123600467 3.856125618002336
1 221 0.000000000000000 1.542450247200934 3.084900494401869
1 222 0.771225123600467 2.313675370801402 3.084900494401869
1 223 0.771225123600467 1.542450247200934 3.856125618002336
1 224 0.000000000000000 2.313675370801402 3.856125618002336
1 225 1.542450247200934 1.542450247200934 3.084900494401869
1 226 2.313675370801402 2.313675370801402 3.084900494401869
1 227 2.313675370801402 1.542450247200934 3.856125618002336
1 228 1.542450247200934 2.313675370801402 3.856125618002336
1 229 3.084900494401869 1.542450247200934 3.084900494401869
1 230 3.856125618002336 2.313675370801402 3.084900494401869
1 231 3.856125618002336 1.542450247200934 3.856125618002336
1 232 3.084900494401869 2.313675370801402 3.856125618002336
1 233 4.627350741602803 1.542450247200934 3.084900494401869
1 234 5.398575865203270 2.313675370801402 3.084900494401869
1 235 5.398575865203270 1.542450247200934 3.856125618002336
1 236 4.627350741602803 2.313675370801402 3.856125618002336
1 237 6.169800988803737 1.542450247200934 3.084900494401869
1 238 6.941026112404204 2.313675370801402 3.084900494401869
1 239 6.941026112404204 1.542450247200934 3.856125618002336
1 240 6.169800988803737 2.313675370801402 3.856125618002336
1 241 0.000000000000000 3.084900494401869 3.084900494401869
1 242 0.771225123600467 3.856125618002336 3.084900494401869
1 243 0.771225123600467 3.084900494401869 3.856125618002336
1 244 0.000000000000000 3.856125618002336 3.856125618002336
1 245 1.542450247200934 3.084900494401869 3.084900494401869
1 246 2.313675370801402 3.856125618002336 3.084900494401869
1 247 2.313675370801402 3.084900494401869 3.856125618002336
1 248 1.542450247200934 3.856125618002336 3.856125618002336
1 249 3.084900494401869 3.084900494401869 3.084900494401869
1 250 3.856125618002336 3.856125618002336 3.084900494401869
1 251 3.856125618002336 3.084900494401869 3.856125618002336
1 252 3.084900494401869 3.856125618002336 3.856125618002336
1 253 4.627350741602803 3.084900494401869 3.084900494401869
1 254 5.398575865203270 3.856125618002336 3.084900494401869
1 255 5.398575865203270 3.084900494401869 3.856125618002336
1 256 4.627350741602803 3.856125618002336 3.856125618002336
1 257 6.169800988803737 3.084900494401869 3.084900494401869
1 258 6.941026112404204 3.856125618002336 3.084900494401869
1 259 6.941026112404204 3.084900494401869 3.856125618002336
1 260 6.169800988803737 3.856125618002336 3.856125618002336
1 261 0.000000000000000 4.627350741602803 3.084900494401869
1 262 0.771225123600467 5.398575865203270 3.084900494401869
1 263 0.771225123600467 4.627350741602803 3.856125618002336
1 264 0.000000000000000 5.398575865203270 3.856125618002336
1 265 1.542450247200934 4.627350741602803 3.084900494401869
1 266 2.313675370801402 5.398575865203270 3.084900494401869
1 267 2.313675370801402 4.627350741602803 3.856125618002336
1 268 1.542450247200934 5.398575865203270 3.856125618002336
1 269 3.084900494401869 4.627350741602803 3.084900494401869
1 270 3.856125618002336 5.398575865203270 3.084900494401869
1 271 3.856125618002336 4.627350741602803 3.856125618002336
1 272 3.084900494401869 5.398575865203270 3.856125618002336
1 273 4.627350741602803 4.627350741602803 3.084900494401869
1 274 5.398575865203270 5.398575865203270 3.084900494401869
1 275 5.398575865203270 4.627350741602803 3.856125618002336
1 276 4.627350741602803 5.398575865203270 3.856125618002336
1 277 6.169800988803737 4.627350741602803 3.084900494401869
1 278 6.941026112404204 5.398575865203270 3.084900494401869
1 279 6.941026112404204 4.627350741602803 3.856125618002336
1 280 6.169800988803737 5.398575865203270 3.856125618002336
1 281 0.000000000000000 6.169800988803737 3.084900494401869
1 282 0.771225123600467 6.941026112404204 3.084900494401869
1 283 0.771225123600467 6.169800988803737 3.856125618002336
1 284 0.000000000000000 6.941026112404204 3.856125618002336
1 285 1.542450247200934 6.169800988803737 3.084900494401869
1 286 2.313675370801402 6.941026112404204 3.084900494401869
1 287 2.313675370801402 6.169800988803737 3.856125618002336
1 288 1.542450247200934 6.941026112404204 3.856125618002336
1 289 3.084900494401869 6.169800988803737 3.084900494401869
1 290 3.856125618002336 6.941026112404204 3.084900494401869
1 291 3.856125618002336 6.169800988803737 3.856125618002336
1 292 3.084900494401869 6.941026112404204 3.856125618002336
1 293 4.627350741602803 6.169800988803737 3.084900494401869
1 294 5.398575865203270 6.941026112404204 3.084900494401869
1 295 5.398575865203270 6.169800988803737 3.856125618002336
1 296 4.627350741602803 6.941026112404204 3.856125618002336
1 297 6.169800988803737 6.169800988803737 3.084900494401869
1 298 6.941026112404204 6.941026112404204 3.084900494401869
1 299 6.941026112404204 6.169800988803737 3.856125618002336
1 300 6.169800988803737 6.941026112404204 3.856125618002336
1 301 0.000000000000000 0.000000000000000 4.627350741602803
1 302 0.771225123600467 0.771225123600467 4.627350741602803
1 303 0.771225123600467 0.000000000000000 5.398575865203270
1 304 0.000000000000000 0.771225123600467 5.398575865203270
1 305 1.542450247200934 0.000000000000000 4.627350741602803
1 306 2.313675370801402 0.771225123600467 4.627350741602803
1 307 2.313675370801402 0.000000000000000 5.398575865203270
1 308 1.542450247200934 0.771225123600467 5.398575865203270
1 309 3.084900494401869 0.000000000000000 4.627350741602803
1 310 3.856125618002336 0.771225123600467 4.627350741602803
1 311 3.856125618002336 0.000000000000000 5.398575865203270
1 312 3.084900494401869 0.771225123600467 5.398575865203270
1 313 4.627350741602803 0.000000000000000 4.627350741602803
1 314 5.398575865203270 0.771225123600467 4.627350741602803
1 315 5.398575865203270 0.000000000000000 5.398575865203270
1 316 4.627350741602803 0.771225123600467 5.398575865203270
1 317 6.169800988803737 0.000000000000000 4.627350741602803
1 318 6.941026112404204 0.771225123600467 4.627350741602803
1 319 6.941026112404204 0.000000000000000 5.398575865203270
1 320 6.169800988803737 0.771225123600467 5.398575865203270
1 321 0.000000000000000 1.542450247200934 4.627350741602803
1 322 0.771225123600467 2.313675370801402 4.627350741602803
1 323 0.771225123600467 1.542450247200934 5.398575865203270
1 324 0.000000000000000 2.313675370801402 5.398575865203270
1 325 1.542450247200934 1.542450247200934 4.627350741602803
1 326 2.313675370801402 2.313675370801402 4.627350741602803
1 327 2.313675370801402 1.542450247200934 5.398575865203270
1 328 1.542450247200934 2.313675370801402 5.398575865203270
1 329 3.084900494401869 1.542450247200934 4.627350741602803
1 330 3.856125618002336 2.313675370801402 4.627350741602803
1 331 3.856125618002336 1.542450247200934 5.398575865203270
1 332 3.084900494401869 2.313675370801402 5.398575865203270
1 333 4.627350741602803 1.542450247200934 4.627350741602803
1 334 5.398575865203270 2.313675370801402 4.627350741602803
1 335 5.398575865203270 1.542450247200934 5.398575865203270
1 336 4.627350741602803 2.313675370801402 5.398575865203270
1 337 6.169800988803737 1.542450247200934 4.627350741602803
1 338 6.941026112404204 2.313675370801402 4.627350741602803
1 339 6.941026112404204 1.542450247200934 5.398575865203270
1 340 6.169800988803737 2.313675370801402 5.398575865203270
1 341 0.000000000000000 3.084900494401869 4.627350741602803
1 342 0.771225123600467 3.856125618002336 4.627350741602803
1 343 0.771225123600467 3.084900494401869 5.398575865203270
1 344 0.000000000000000 3.856125618002336 5.398575865203270
1 345 1.542450247200934 3.084900494401869 4.627350741602803
1 346 2.313675370801402 3.856125618002336 4.627350741602803
1 347 2.313675370801402 3.084900494401869 5.398575865203270
1 348 1.542450247200934 3.856125618002336 5.398575865203270
1 349 3.084900494401869 3.084900494401869 4.627350741602803
1 350 3.856125618002336 3.856125618002336 4.627350741602803
1 351 3.856125618002336 3.084900494401869 5.398575865203270
1 352 3.084900494401869 3.856125618002336 5.398575865203270
1 353 4.627350741602803 3.084900494401869 4.627350741602803
1 354 5.398575865203270 3.856125618002336 4.627350741602803
1 355 5.398575865203270 3.084900494401869 5.398575865203270
1 356 4.627350741602803 3.856125618002336 5.398575865203270
1 357 6.169800988803737 3.084900494401869 4.627350741602803
1 358 6.941026112404204 3.856125618002336 4.627350741602803
1 359 6.941026112404204 3.084900494401869 5.398575865203270
1 360 6.169800988803737 3.856125618002336 5.398575865203270
1 361 0.000000000000000 4.627350741602803 4.627350741602803
1 362 0.771225123600467 5.398575865203270 4.627350741602803
1 363 0.771225123600467 4.627350741602803 5.398575865203270
1 364 0.000000000000000 5.398575865203270 5.398575865203270
1 365 1.542450247200934 4.627350741602803 4.627350741602803
1 366 2.313675370801402 5.398575865203270 4.627350741602803
1 367 2.313675370801402 4.627350741602803 5.398575865203270
1 368 1.542450247200934 5.398575865203270 5.398575865203270
1 369 3.084900494401869 4.627350741602803 4.627350741602803
1 370 3.856125618002336 5.398575865203270 4.627350741602803
1 371 3.856125618002336 4.627350741602803 5.398575865203270
1 372 3.084900494401869 5.398575865203270 5.398575865203270
1 373 4.627350741602803 4.627350741602803 4.627350741602803
1 374 5.398575865203270 5.398575865203270 4.627350741602803
1 375 5.398575865203270 4.627350741602803 5.398575865203270
1 376 4.627350741602803 5.398575865203270 5.398575865203270
1 377 6.169800988803737 4.627350741602803 4.627350741602803
1 378 6.941026112404204 5.398575865203270 4.627350741602803
1 379 6.941026112404204 4.627350741602803 5.398575865203270
1 380 6.169800988803737 5.398575865203270 5.398575865203270
1 381 0.000000000000000 6.169800988803737 4.627350741602803
1 382 0.771225123600467 6.941026112404204 4.627350741602803
1 383 0.771225123600467 6.169800988803737 5.398575865203270
1 384 0.000000000000000 6.941026112404204 5.398575865203270
1 385 1.542450247200934 6.169800988803737 4.627350741602803
1 386 2.313675370801402 6.941026112404204 4.627350741602803
1 387 2.313675370801402 6.169800988803737 5.398575865203270
1 388 1.542450247200934 6.941026112404204 5.398575865203270
1 389 3.084900494401869 6.169800988803737 4.627350741602803
1 390 3.856125618002336 6.941026112404204 4.627350741602803
1 391 3.856125618002336 6.169800988803737 5.398575865203270
1 392 3.084900494401869 6.941026112404204 5.398575865203270
1 393 4.627350741602803 6.169800988803737 4.627350741602803
1 394 5.398575865203270 6.941026112404204 4.627350741602803
1 395 5.398575865203270 6.169800988803737 5.398575865203270
1 396 4.627350741602803 6.941026112404204 5.398575865203270
1 397 6.169800988803737 6.169800988803737 4.627350741602803
1 398 6.941026112404204 6.941026112404204 4.627350741602803
1 399 6.941026112404204 6.169800988803737 5.398575865203270
1 400 6.169800988803737 6.941026112404204 5.398575865203270
1 401 0.000000000000000 0.000000000000000 6.169800988803737
1 402 0.771225123600467 0.771225123600467 6.169800988803737
1 403 0.771225123600467 0.000000000000000 6.941026112404204
1 404 0.000000000000000 0.771225123600467 6.941026112404204
1 405 1.542450247200934 0.000000000000000 6.169800988803737
1 406 2.313675370801402 0.771225123600467 6.169800988803737
1 407 2.313675370801402 0.000000000000000 6.941026112404204
1 408 1.542450247200934 0.771225123600467 6.941026112404204
1 409 3.084900494401869 0.000000000000000 6.169800988803737
1 410 3.856125618002336 0.771225123600467 6.169800988803737
1 411 3.856125618002336 0.000000000000000 6.941026112404204
1 412 3.084900494401869 0.771225123600467 6.941026112404204
1 413 4.627350741602803 0.000000000000000 6.169800988803737
1 414 5.398575865203270 0.771225123600467 6.169800988803737
1 415 5.398575865203270 0.000000000000000 6.941026112404204
1 416 4.627350741602803 0.771225123600467 6.941026112404204
1 417 6.169800988803737 0.000000000000000 6.169800988803737
1 418 6.941026112404204 0.771225123600467 6.169800988803737
1 419 6.941026112404204 0.000000000000000 6.941026112404204
1 420 6.169800988803737 0.771225123600467 6.941026112404204
1 421 0.000000000000000 1.542450247200934 6.169800988803737
1 422 0.771225123600467 2.313675370801402 6.169800988803737
1 423 0.771225123600467 1.542450247200934 6.941026112404204
1 424 0.000000000000000 2.313675370801402 6.941026112404204
1 425 1.542450247200934 1.542450247200934 6.169800988803737
1 426 2.313675370801402 2.313675370801402 6.169800988803737
1 427 2.313675370801402 1.542450247200934 6.941026112404204
1 428 1.542450247200934 2.313675370801402 6.941026112404204
1 429 3.084900494401869 1.542450247200934 6.169800988803737
1 430 3.856125618002336 2.313675370801402 6.169800988803737
1 431 3.856125618002336 1.542450247200934 6.941026112404204
1 432 3.084900494401869 2.313675370801402 6.941026112404204
1 433 4.627350741602803 1.542450247200934 6.169800988803737
1 434 5.398575865203270 2.313675370801402 6.169800988803737
1 435 5.398575865203270 1.542450247200934 6.941026112404204
1 436 4.627350741602803 2.313675370801402 6.941026112404204
1 437 6.169800988803737 1.542450247200934 6.169800988803737
1 438 6.941026112404204 2.313675370801402 6.169800988803737
1 439 6.941026112404204 1.542450247200934 6.941026112404204
1 440 6.169800988803737 2.313675370801402 6.941026112404204
1 441 0.000000000000000 3.084900494401869 6.169800988803737
1 442 0.771225123600467 3.856125618002336 6.169800988803737
1 443 0.771225123600467 3.084900494401869 6.941026112404204
1 444 0.000000000000000 3.856125618002336 6.941026112404204
1 445 1.542450247200934 3.084900494401869 6.169800988803737
1 446 2.313675370801402 3.856125618002336 6.169800988803737
1 447 2.313675370801402 3.084900494401869 6.941026112404204
1 448 1.542450247200934 3.856125618002336 6.941026112404204
1 449 3.084900494401869 3.084900494401869 6.169800988803737
1 450 3.856125618002336 3.856125618002336 6.169800988803737
1 451 3.856125618002336 3.084900494401869 6.941026112404204
1 452 3.084900494401869 3.856125618002336 6.941026112404204
1 453 4.627350741602803 3.084900494401869 6.169800988803737
1 454 5.398575865203270 3.856125618002336 6.169800988803737
1 455 5.398575865203270 3.084900494401869 6.941026112404204
1 456 4.627350741602803 3.856125618002336 6.941026112404204
1 457 6.169800988803737 3.084900494401869 6.169800988803737
1 458 6.941026112404204 3.856125618002336 6.169800988803737
1 459 6.941026112404204 3.084900494401869 6.941026112404204
1 460 6.169800988803737 3.856125618002336 6.941026112404204
1 461 0.000000000000000 4.627350741602803 6.169800988803737
1 462 0.771225123600467 5.398575865203270 6.169800988803737
1 463 0.771225123600467 4.627350741602803 6.941026112404204
1 464 0.000000000000000 5.398575865203270 6.941026112404204
1 465 1.542450247200934 4.627350741602803 6.169800988803737
1 466 2.313675370801402 5.398575865203270 6.169800988803737
1 467 2.313675370801402 4.627350741602803 6.941026112404204
1 468 1.542450247200934 5.398575865203270 6.941026112404204
1 469 3.084900494401869 4.627350741602803 6.169800988803737
1 470 3.856125618002336 5.398575865203270 6.169800988803737
1 471 3.856125618002336 4.627350741602803 6.941026112404204
1 472 3.084900494401869 5.398575865203270 6.941026112404204
1 473 4.627350741602803 4.627350741602803 6.169800988803737
1 474 5.398575865203270 5.398575865203270 6.169800988803737
1 475 5.398575865203270 4.627350741602803 6.941026112404204
1 476 4.627350741602803 5.398575865203270 6.941026112404204
1 477 6.169800988803737 4.627350741602803 6.169800988803737
1 478 6.941026112404204 5.398575865203270 6.169800988803737
1 479 6.941026112404204 4.627350741602803 6.941026112404204
1 480 6.169800988803737 5.398575865203270 6.941026112404204
1 481 0.000000000000000 6.169800988803737 6.169800988803737
1 482 0.771225123600467 6.941026112404204 6.169800988803737
1 483 0.771225123600467 6.169800988803737 6.941026112404204
1 484 0.000000000000000 6.941026112404204 6.941026112404204
1 485 1.542450247200934 6.169800988803737 6.169800988803737
1 486 2.313675370801402 6.941026112404204 6.169800988803737
1 487 2.313675370801402 6.169800988803737 6.941026112404204
1 488 1.542450247200934 6.941026112404204 6.941026112404204
1 489 3.084900494401869 6.169800988803737 6.169800988803737
1 490 3.856125618002336 6.941026112404204 6.169800988803737
1 491 3.856125618002336 6.169800988803737 6.941026112404204
1 492 3.084900494401869 6.941026112404204 6.941026112404204
1 493 4.627350741602803 6.169800988803737 6.169800988803737
1 494 5.398575865203270 6.941026112404204 6.169800988803737
1 495 5.398575865203270 6.169800988803737 6.941026112404204
1 496 4.627350741602803 6.941026112404204 6.941026112404204
1 497 6.169800988803737 6.169800988803737 6.169800988803737
1 498 6.941026112404204 6.941026112404204 6.169800988803737
1 499 6.941026112404204 6.169800988803737 6.941026112404204
1 500 6.169800988803737 6.941026112404204 6.941026112404204
