500 1
8.549879733383484 8.549879733383484 8.549879733383484 0.000000 0.000000 0.000000
1 1 0.000000000000000 0.000000000000000 0.000000000000000
1 2 0.854987973338348 0.854987973338348 0.000000000000000
1 3 0.854987973338348 0.000000000000000 0.854987973338348
1 4 0.000000000000000 0.854987973338348 0.854987973338348
1 5 1.709975946676697 0.000000000000000 0.000000000000000
1 6 2.564963920015045 0.854987973338348 0.000000000000000
1 7 2.564963920015045 0.000000000000000 0.854987973338348
1 8 1.709975946676697 0.854987973338348 0.854987973338348
1 9 3.419951893353394 0.000000000000000 0.000000000000000
1 10 4.274939866691742 0.854987973338348 0.000000000000000
1 11 4.274939866691742 0.000000000000000 0.854987973338348
1 12 3.419951893353394 0.854987973338348 0.854987973338348
1 13 5.129927840030090 0.000000000000000 0.000000000000000
1 14 5.984915813368439 0.854987973338348 0.000000000000000
1 15 5.984915813368439 0.000000000000000 0.854987973338348
1 16 5.129927840030090 0.854987973338348 0.854987973338348
1 17 6.839903786706787 0.000000000000000 0.000000000000000
1 18 7.694891760045135 0.854987973338348 0.000000000000000
1 19 7.694891760045135 0.000000000000000 0.854987973338348
1 20 6.839903786706787 0.854987973338348 0.854987973338348
1 21 0.000000000000000 1.709975946676697 0.000000000000000
1 22 0.854987973338348 2.564963920015045 0.000000000000000
1 23 0.854987973338348 1.709975946676697 0.854987973338348
1 24 0.000000000000000 2.564963920015045 0.854987973338348
1 25 1.709975946676697 1.709975946676697 0.000000000000000
1 26 2.564963920015045 2.564963920015045 0.000000000000000
1 27 2.564963920015045 1.709975946676697 0.854987973338348
1 28 1.709975946676697 2.564963920015045 0.854987973338348
1 29 3.419951893353394 1.709975946676697 0.000000000000000
1 30 4.274939866691742 2.564963920015045 0.000000000000000
1 31 4.274939866691742 1.709975946676697 0.854987973338348
1 32 3.419951893353394 2.564963920015045 0.854987973338348
1 33 5.129927840030090 1.709975946676697 0.000000000000000
1 34 5.984915813368439 2.564963920015045 0.000000000000000
1 35 5.984915813368439 1.709975946676697 0.854987973338348
1 36 5.129927840030090 2.564963920015045 0.854987973338348
1 37 6.839903786706787 1.709975946676697 0.000000000000000
1 38 7.694891760045135 2.564963920015045 0.000000000000000
1 39 7.694891760045135 1.709975946676697 0.854987973338348
1 40 6.839903786706787 2.564963920015045 0.854987973338348
1 41 0.000000000000000 3.419951893353394 0.000000000000000
1 42 0.854987973338348 4.274939866691742 0.000000000000000
1 43 0.854987973338348 3.419951893353394 0.854987973338348
1 44 0.000000000000000 4.274939866691742 0.854987973338348
1 45 1.709975946676697 3.419951893353394 0.000000000000000
1 46 2.564963920015045 4.274939866691742 0.000000000000000
1 47 2.564963920015045 3.419951893353394 0.854987973338348
1 48 1.709975946676697 4.274939866691742 0.854987973338348
1 49 3.419951893353394 3.419951893353394 0.000000000000000
1 50 4.274939866691742 4.274939866691742 0.000000000000000
1 51 4.274939866691742 3.419951893353394 0.854987973338348
1 52 3.419951893353394 4.274939866691742 0.854987973338348
1 53 5.129927840030090 3.419951893353394 0.000000000000000
1 54 5.984915813368439 4.274939866691742 0.000000000000000
1 55 5.984915813368439 3.419951893353394 0.854987973338348
1 56 5.129927840030090 4.274939866691742 0.854987973338348
1 57 6.839903786706787 3.419951893353394 0.000000000000000
1 58 7.694891760045135 4.274939866691742 0.000000000000000
1 59 7.694891760045135 3.419951893353394 0.854987973338348
1 60 6.839903786706787 4.274939866691742 0.854987973338348
1 61 0.000000000000000 5.129927840030090 0.000000000000000
1 62 0.854987973338348 5.984915813368439 0.000000000000000
1 63 0.854987973338348 5.129927840030090 0.854987973338348
1 64 0.000000000000000 5.984915813368439 0.854987973338348
1 65 1.709975946676697 5.129927840030090 0.000000000000000
1 66 2.564963920015045 5.984915813368439 0.000000000000000
1 67 2.564963920015045 5.129927840030090 0.854987973338348
1 68 1.709975946676697 5.984915813368439 0.854987973338348
1 69 3.419951893353394 5.129927840030090 0.000000000000000
1 70 4.274939866691742 5.984915813368439 0.000000000000000
1 71 4.274939866691742 5.129927840030090 0.854987973338348
1 72 3.419951893353394 5.984915813368439 0.854987973338348
1 73 5.129927840030090 5.129927840030090 0.000000000000000
1 74 5.984915813368439 5.984915813368439 0.000000000000000
1 75 5.984915813368439 5.129927840030090 0.854987973338348
1 76 5.129927840030090 5.984915813368439 0.854987973338348
1 77 6.839903786706787 5.129927840030090 0.000000000000000
1 78 7.694891760045135 5.984915813368439 0.000000000000000
1 79 7.694891760045135 5.129927840030090 0.854987973338348
1 80 6.839903786706787 5.984915813368439 0.854987973338348
1 81 0.000000000000000 6.839903786706787 0.000000000000000
1 82 0.854987973338348 7.694891760045135 0.000000000000000
1 83 0.854987973338348 6.839903786706787 0.854987973338348
1 84 0.000000000000000 7.694891760045135 0.854987973338348
1 85 1.709975946676697 6.839903786706787 0.000000000000000
1 86 2.564963920015045 7.694891760045135 0.000000000000000
1 87 2.564963920015045 6.839903786706787 0.854987973338348
1 88 1.709975946676697 7.694891760045135 0.854987973338348
1 89 3.419951893353394 6.839903786706787 0.000000000000000
1 90 4.274939866691742 7.694891760045135 0.000000000000000
1 91 4.274939866691742 6.839903786706787 0.854987973338348
1 92 3.419951893353394 7.694891760045135 0.854987973338348
1 93 5.129927840030090 6.839903786706787 0.000000000000000
1 94 5.984915813368439 7.694891760045135 0.000000000000000
1 95 5.984915813368439 6.839903786706787 0.854987973338348
1 96 5.129927840030090 7.694891760045135 0.854987973338348
1 97 6.839903786706787 6.839903786706787 0.000000000000000
1 98 7.694891760045135 7.694891760045135 0.000000000000000
1 99 7.694891760045135 6.839903786706787 0.854987973338348
1 100 6.839903786706787 7.694891760045135 0.854987973338348
1 101 0.000000000000000 0.000000000000000 1.709975946676697
1 102 0.854987973338348 0.854987973338348 1.709975946676697
1 103 0.854987973338348 0.000000000000000 2.564963920015045
1 104 0.000000000000000 0.854987973338348 2.564963920015045
1 105 1.709975946676697 0.000000000000000 1.709975946676697
1 106 2.564963920015045 0.854987973338348 1.709975946676697
1 107 2.564963920015045 0.000000000000000 2.564963920015045
1 108 1.709975946676697 0.854987973338348 2.564963920015045
1 109 3.419951893353394 0.000000000000000 1.709975946676697
1 110 4.274939866691742 0.854987973338348 1.709975946676697
1 111 4.274939866691742 0.000000000000000 2.564963920015045
1 112 3.419951893353394 0.854987973338348 2.564963920015045
1 113 5.129927840030090 0.000000000000000 1.709975946676697
1 114 5.984915813368439 0.854987973338348 1.709975946676697
1 115 5.984915813368439 0.000000000000000 2.564963920015045
1 116 5.129927840030090 0.854987973338348 2.564963920015045
1 117 6.839903786706787 0.000000000000000 1.709975946676697
1 118 7.694891760045135 0.854987973338348 1.709975946676697
1 119 7.694891760045135 0.000000000000000 2.564963920015045
1 120 6.839903786706787 0.854987973338348 2.564963920015045
1 121 0.000000000000000 1.709975946676697 1.709975946676697
1 122 0.854987973338348 2.564963920015045 1.709975946676697
1 123 0.854987973338348 1.709975946676697 2.564963920015045
1 124 0.000000000000000 2.564963920015045 2.564963920015045
1 125 1.709975946676697 1.709975946676697 1.709975946676697
1 126 2.564963920015045 2.564963920015045 1.709975946676697
1 127 2.564963920015045 1.709975946676697 2.564963920015045
1 128 1.709975946676697 2.564963920015045 2.564963920015045
1 129 3.419951893353394 1.709975946676697 1.709975946676697
1 130 4.274939866691742 2.564963920015045 1.709975946676697
1 131 4.274939866691742 1.709975946676697 2.564963920015045
1 132 3.419951893353394 2.564963920015045 2.564963920015045
1 133 5.129927840030090 1.709975946676697 1.709975946676697
1 134 5.984915813368439 2.564963920015045 1.709975946676697
1 135 5.984915813368439 1.709975946676697 2.564963920015045
1 136 5.129927840030090 2.564963920015045 2.564963920015045
1 137 6.839903786706787 1.709975946676697 1.709975946676697
1 138 7.694891760045135 2.564963920015045 1.709975946676697
1 139 7.694891760045135 1.709975946676697 2.564963920015045
1 140 6.839903786706787 2.564963920015045 2.564963920015045
1 141 0.000000000000000 3.419951893353394 1.709975946676697
1 142 0.854987973338348 4.274939866691742 1.709975946676697
1 143 0.854987973338348 3.419951893353394 2.564963920015045
1 144 0.000000000000000 4.274939866691742 2.564963920015045
1 145 1.709975946676697 3.419951893353394 1.709975946676697
1 146 2.564963920015045 4.274939866691742 1.709975946676697
1 147 2.564963920015045 3.419951893353394 2.564963920015045
1 148 1.709975946676697 4.274939866691742 2.564963920015045
1 149 3.419951893353394 3.419951893353394 1.709975946676697
1 150 4.274939866691742 4.274939866691742 1.709975946676697
1 151 4.274939866691742 3.419951893353394 2.564963920015045
1 152 3.419951893353394 4.274939866691742 2.564963920015045
1 153 5.129927840030090 3.419951893353394 1.709975946676697
1 154 5.984915813368439 4.274939866691742 1.709975946676697
1 155 5.984915813368439 3.419951893353394 2.564963920015045
1 156 5.129927840030090 4.274939866691742 2.564963920015045
1 157 6.839903786706787 3.419951893353394 1.709975946676697
1 158 7.694891760045135 4.274939866691742 1.709975946676697
1 159 7.694891760045135 3.419951893353394 2.564963920015045
1 160 6.839903786706787 4.274939866691742 2.564963920015045
1 161 0.000000000000000 5.129927840030090 1.709975946676697
1 162 0.854987973338348 5.984915813368439 1.709975946676697
1 163 0.854987973338348 5.129927840030090 2.564963920015045
1 164 0.000000000000000 5.984915813368439 2.564963920015045
1 165 1.709975946676697 5.129927840030090 1.709975946676697
1 166 2.564963920015045 5.984915813368439 1.709975946676697
1 167 2.564963920015045 5.129927840030090 2.564963920015045
1 168 1.709975946676697 5.984915813368439 2.564963920015045
1 169 3.419951893353394 5.129927840030090 1.709975946676697
1 170 4.274939866691742 5.984915813368439 1.709975946676697
1 171 4.274939866691742 5.129927840030090 2.564963920015045
1 172 3.419951893353394 5.984915813368439 2.564963920015045
1 173 5.129927840030090 5.129927840030090 1.709975946676697
1 174 5.984915813368439 5.984915813368439 1.709975946676697
1 175 5.984915813368439 5.129927840030090 2.564963920015045
1 176 5.129927840030090 5.984915813368439 2.564963920015045
1 177 6.839903786706787 5.129927840030090 1.709975946676697
1 178 7.694891760045135 5.984915813368439 1.709975946676697
1 179 7.694891760045135 5.129927840030090 2.564963920015045
1 180 6.839903786706787 5.984915813368439 2.564963920015045
1 181 0.000000000000000 6.839903786706787 1.709975946676697
1 182 0.854987973338348 7.694891760045135 1.709975946676697
1 183 0.854987973338348 6.839903786706787 2.564963920015045
1 184 0.000000000000000 7.694891760045135 2.564963920015045
1 185 1.709975946676697 6.839903786706787 1.709975946676697
1 186 2.564963920015045 7.694891760045135 1.709975946676697
1 187 2.564963920015045 6.839903786706787 2.564963920015045
1 188 1.709975946676697 7.694891760045135 2.564963920015045
1 189 3.419951893353394 6.839903786706787 1.709975946676697
1 190 4.274939866691742 7.694891760045135 1.709975946676697
1 191 4.274939866691742 6.839903786706787 2.564963920015045
1 192 3.419951893353394 7.694891760045135 2.564963920015045
1 193 5.129927840030090 6.839903786706787 1.709975946676697
1 194 5.984915813368439 7.694891760045135 1.709975946676697
1 195 5.984915813368439 6.839903786706787 2.564963920015045
1 196 5.129927840030090 7.694891760045135 2.564963920015045
1 197 6.839903786706787 6.839903786706787 1.709975946676697
1 198 7.694891760045135 7.694891760045135 1.709975946676697
1 199 7.694891760045135 6.839903786706787 2.564963920015045
1 200 6.839903786706787 7.694891760045135 2.564963920015045
1 201 0.000000000000000 0.000000000000000 3.419951893353394
1 202 0.854987973338348 0.854987973338348 3.419951893353394
1 203 0.854987973338348 0.000000000000000 4.274939866691742
1 204 0.000000000000000 0.854987973338348 4.274939866691742
1 205 1.709975946676697 0.000000000000000 3.419951893353394
1 206 2.564963920015045 0.854987973338348 3.419951893353394
1 207 2.564963920015045 0.000000000000000 4.274939866691742
1 208 1.709975946676697 0.854987973338348 4.274939866691742
1 209 3.419951893353394 0.000000000000000 3.419951893353394
1 210 4.274939866691742 0.854987973338348 3.419951893353394
1 211 4.274939866691742 0.000000000000000 4.274939866691742
1 212 3.419951893353394 0.854987973338348 4.274939866691742
1 213 5.129927840030090 0.000000000000000 3.419951893353394
1 214 5.984915813368439 0.854987973338348 3.419951893353394
1 215 5.984915813368439 0.000000000000000 4.274939866691742
1 216 5.129927840030090 0.854987973338348 4.274939866691742
1 217 6.839903786706787 0.000000000000000 3.419951893353394
1 218 7.694891760045135 0.854987973338348 3.419951893353394
1 219 7.694891760045135 0.000000000000000 4.274939866691742
1 220 6.839903786706787 0.854987973338348 4.274939866691742
1 221 0.000000000000000 1.709975946676697 3.419951893353394
1 222 0.854987973338348 2.564963920015045 3.419951893353394
1 223 0.854987973338348 1.709975946676697 4.274939866691742
1 224 0.000000000000000 2.564963920015045 4.274939866691742
1 225 1.709975946676697 1.709975946676697 3.419951893353394
1 226 2.564963920015045 2.564963920015045 3.419951893353394
1 227 2.564963920015045 1.709975946676697 4.274939866691742
1 228 1.709975946676697 2.564963920015045 4.274939866691742
1 229 3.419951893353394 1.709975946676697 3.419951893353394
1 230 4.274939866691742 2.564963920015045 3.419951893353394
1 231 4.274939866691742 1.709975946676697 4.274939866691742
1 232 3.419951893353394 2.564963920015045 4.274939866691742
1 233 5.129927840030090 1.709975946676697 3.419951893353394
1 234 5.984915813368439 2.564963920015045 3.419951893353394
1 235 5.984915813368439 1.709975946676697 4.274939866691742
1 236 5.129927840030090 2.564963920015045 4.274939866691742
1 237 6.839903786706787 1.709975946676697 3.419951893353394
1 238 7.694891760045135 2.564963920015045 3.419951893353394
1 239 7.694891760045135 1.709975946676697 4.274939866691742
1 240 6.839903786706787 2.564963920015045 4.274939866691742
1 241 0.000000000000000 3.419951893353394 3.419951893353394
1 242 0.854987973338348 4.274939866691742 3.419951893353394
1 243 0.854987973338348 3.419951893353394 4.274939866691742
1 244 0.000000000000000 4.274939866691742 4.274939866691742
1 245 1.709975946676697 3.419951893353394 3.419951893353394
1 246 2.564963920015045 4.274939866691742 3.419951893353394
1 247 2.564963920015045 3.419951893353394 4.274939866691742
1 248 1.709975946676697 4.274939866691742 4.274939866691742
1 249 3.419951893353394 3.419951893353394 3.419951893353394
1 250 4.274939866691742 4.274939866691742 3.419951893353394
1 251 4.274939866691742 3.419951893353394 4.274939866691742
1 252 3.419951893353394 4.274939866691742 4.274939866691742
1 253 5.129927840030090 3.419951893353394 3.419951893353394
1 254 5.984915813368439 4.274939866691742 3.419951893353394
1 255 5.984915813368439 3.419951893353394 4.274939866691742
1 256 5.129927840030090 4.274939866691742 4.274939866691742
1 257 6.839903786706787 3.419951893353394 3.419951893353394
1 258 7.694891760045135 4.274939866691742 3.419951893353394
1 259 7.694891760045135 3.419951893353394 4.274939866691742
1 260 6.839903786706787 4.274939866691742 4.274939866691742
1 261 0.000000000000000 5.129927840030090 3.419951893353394
1 262 0.854987973338348 5.984915813368439 3.419951893353394
1 263 0.854987973338348 5.129927840030090 4.274939866691742
1 264 0.000000000000000 5.984915813368439 4.274939866691742
1 265 1.709975946676697 5.129927840030090 3.419951893353394
1 266 2.564963920015045 5.984915813368439 3.419951893353394
1 267 2.564963920015045 5.129927840030090 4.274939866691742
1 268 1.709975946676697 5.984915813368439 4.274939866691742
1 269 3.419951893353394 5.129927840030090 3.419951893353394
1 270 4.274939866691742 5.984915813368439 3.419951893353394
1 271 4.274939866691742 5.129927840030090 4.274939866691742
1 272 3.419951893353394 5.984915813368439 4.274939866691742
1 273 5.129927840030090 5.129927840030090 3.419951893353394
1 274 5.984915813368439 5.984915813368439 3.419951893353394
1 275 5.984915813368439 5.129927840030090 4.274939866691742
1 276 5.129927840030090 5.984915813368439 4.274939866691742
1 277 6.839903786706787 5.129927840030090 3.419951893353394
1 278 7.694891760045135 5.984915813368439 3.419951893353394
1 279 7.694891760045135 5.129927840030090 4.274939866691742
1 280 6.839903786706787 5.984915813368439 4.274939866691742
1 281 0.000000000000000 6.839903786706787 3.419951893353394
1 282 0.854987973338348 7.694891760045135 3.419951893353394
1 283 0.854987973338348 6.839903786706787 4.274939866691742
1 284 0.000000000000000 7.694891760045135 4.274939866691742
1 285 1.709975946676697 6.839903786706787 3.419951893353394
1 286 2.564963920015045 7.694891760045135 3.419951893353394
1 287 2.564963920015045 6.839903786706787 4.274939866691742
1 288 1.709975946676697 7.694891760045135 4.274939866691742
1 289 3.419951893353394 6.839903786706787 3.419951893353394
1 290 4.274939866691742 7.694891760045135 3.419951893353394
1 291 4.274939866691742 6.839903786706787 4.274939866691742
1 292 3.419951893353394 7.694891760045135 4.274939866691742
1 293 5.129927840030090 6.839903786706787 3.419951893353394
1 294 5.984915813368439 7.694891760045135 3.419951893353394
1 295 5.984915813368439 6.839903786706787 4.274939866691742
1 296 5.129927840030090 7.694891760045135 4.274939866691742
1 297 6.839903786706787 6.839903786706787 3.419951893353394
1 298 7.694891760045135 7.694891760045135 3.419951893353394
1 299 7.694891760045135 6.839903786706787 4.274939866691742
1 300 6.839903786706787 7.694891760045135 4.274939866691742
1 301 0.000000000000000 0.000000000000000 5.129927840030090
1 302 0.854987973338348 0.854987973338348 5.129927840030090
1 303 0.854987973338348 0.000000000000000 5.984915813368439
1 304 0.000000000000000 0.854987973338348 5.984915813368439
1 305 1.709975946676697 0.000000000000000 5.129927840030090
1 306 2.564963920015045 0.854987973338348 5.129927840030090
1 307 2.564963920015045 0.000000000000000 5.984915813368439
1 308 1.709975946676697 0.854987973338348 5.984915813368439
1 309 3.419951893353394 0.000000000000000 5.129927840030090
1 310 4.274939866691742 0.854987973338348 5.129927840030090
1 311 4.274939866691742 0.000000000000000 5.984915813368439
1 312 3.419951893353394 0.854987973338348 5.984915813368439
1 313 5.129927840030090 0.000000000000000 5.129927840030090
1 314 5.984915813368439 0.854987973338348 5.129927840030090
1 315 5.984915813368439 0.000000000000000 5.984915813368439
1 316 5.129927840030090 0.854987973338348 5.984915813368439
1 317 6.839903786706787 0.000000000000000 5.129927840030090
1 318 7.694891760045135 0.854987973338348 5.129927840030090
1 319 7.694891760045135 0.000000000000000 5.984915813368439
1 320 6.839903786706787 0.854987973338348 5.984915813368439
1 321 0.000000000000000 1.709975946676697 5.129927840030090
1 322 0.854987973338348 2.564963920015045 5.129927840030090
1 323 0.854987973338348 1.709975946676697 5.984915813368439
1 324 0.000000000000000 2.564963920015045 5.984915813368439
1 325 1.709975946676697 1.709975946676697 5.129927840030090
1 326 2.564963920015045 2.564963920015045 5.129927840030090
1 327 2.564963920015045 1.709975946676697 5.984915813368439
1 328 1.709975946676697 2.564963920015045 5.984915813368439
1 329 3.419951893353394 1.709975946676697 5.129927840030090
1 330 4.274939866691742 2.564963920015045 5.129927840030090
1 331 4.274939866691742 1.709975946676697 5.984915813368439
1 332 3.419951893353394 2.564963920015045 5.984915813368439
1 333 5.129927840030090 1.709975946676697 5.129927840030090
1 334 5.984915813368439 2.564963920015045 5.129927840030090
1 335 5.984915813368439 1.709975946676697 5.984915813368439
1 336 5.129927840030090 2.564963920015045 5.984915813368439
1 337 6.839903786706787 1.709975946676697 5.129927840030090
1 338 7.694891760045135 2.564963920015045 5.129927840030090
1 339 7.694891760045135 1.709975946676697 5.984915813368439
1 340 6.839903786706787 2.564963920015045 5.984915813368439
1 341 0.000000000000000 3.419951893353394 5.129927840030090
1 342 0.854987973338348 4.274939866691742 5.129927840030090
1 343 0.854987973338348 3.419951893353394 5.984915813368439
1 344 0.000000000000000 4.274939866691742 5.984915813368439
1 345 1.709975946676697 3.419951893353394 5.129927840030090
1 346 2.564963920015045 4.274939866691742 5.129927840030090
1 347 2.564963920015045 3.419951893353394 5.984915813368439
1 348 1.709975946676697 4.274939866691742 5.984915813368439
1 349 3.419951893353394 3.419951893353394 5.129927840030090
1 350 4.274939866691742 4.274939866691742 5.129927840030090
1 351 4.274939866691742 3.419951893353394 5.984915813368439
1 352 3.419951893353394 4.274939866691742 5.984915813368439
1 353 5.129927840030090 3.419951893353394 5.129927840030090
1 354 5.984915813368439 4.274939866691742 5.129927840030090
1 355 5.984915813368439 3.419951893353394 5.984915813368439
1 356 5.129927840030090 4.274939866691742 5.984915813368439
1 357 6.839903786706787 3.419951893353394 5.129927840030090
1 358 7.694891760045135 4.274939866691742 5.129927840030090
1 359 7.694891760045135 3.419951893353394 5.984915813368439
1 360 6.839903786706787 4.274939866691742 5.984915813368439
1 361 0.000000000000000 5.129927840030090 5.129927840030090
1 362 0.854987973338348 5.984915813368439 5.129927840030090
1 363 0.854987973338348 5.129927840030090 5.984915813368439
1 364 0.000000000000000 5.984915813368439 5.984915813368439
1 365 1.709975946676697 5.129927840030090 5.129927840030090
1 366 2.564963920015045 5.984915813368439 5.129927840030090
1 367 2.564963920015045 5.129927840030090 5.984915813368439
1 368 1.709975946676697 5.984915813368439 5.984915813368439
1 369 3.419951893353394 5.129927840030090 5.129927840030090
1 370 4.274939866691742 5.984915813368439 5.129927840030090
1 371 4.274939866691742 5.129927840030090 5.984915813368439
1 372 3.419951893353394 5.984915813368439 5.984915813368439
1 373 5.129927840030090 5.129927840030090 5.129927840030090
1 374 5.984915813368439 5.984915813368439 5.129927840030090
1 375 5.984915813368439 5.129927840030090 5.984915813368439
1 376 5.129927840030090 5.984915813368439 5.984915813368439
1 377 6.839903786706787 5.129927840030090 5.129927840030090
1 378 7.694891760045135 5.984915813368439 5.129927840030090
1 379 7.694891760045135 5.129927840030090 5.984915813368439
1 380 6.839903786706787 5.984915813368439 5.984915813368439
1 381 0.000000000000000 6.839903786706787 5.129927840030090
1 382 0.854987973338348 7.694891760045135 5.129927840030090
1 383 0.854987973338348 6.839903786706787 5.984915813368439
1 384 0.000000000000000 7.694891760045135 5.984915813368439
1 385 1.709975946676697 6.839903786706787 5.129927840030090
1 386 2.564963920015045 7.694891760045135 5.129927840030090
1 387 2.564963920015045 6.839903786706787 5.984915813368439
1 388 1.709975946676697 7.694891760045135 5.984915813368439
1 389 3.419951893353394 6.839903786706787 5.129927840030090
1 390 4.274939866691742 7.694891760045135 5.129927840030090
1 391 4.274939866691742 6.839903786706787 5.984915813368439
1 392 3.419951893353394 7.694891760045135 5.984915813368439
1 393 5.129927840030090 6.839903786706787 5.129927840030090
1 394 5.984915813368439 7.694891760045135 5.129927840030090
1 395 5.984915813368439 6.839903786706787 5.984915813368439
1 396 5.129927840030090 7.694891760045135 5.984915813368439
1 397 6.839903786706787 6.839903786706787 5.129927840030090
1 398 7.694891760045135 7.694891760045135 5.129927840030090
1 399 7.694891760045135 6.839903786706787 5.984915813368439
1 400 6.839903786706787 7.694891760045135 5.984915813368439
1 401 0.000000000000000 0.000000000000000 6.839903786706787
1 402 0.854987973338348 0.854987973338348 6.839903786706787
1 403 0.854987973338348 0.000000000000000 7.694891760045135
1 404 0.000000000000000 0.854987973338348 7.694891760045135
1 405 1.709975946676697 0.000000000000000 6.839903786706787
1 406 2.564963920015045 0.854987973338348 6.839903786706787
1 407 2.564963920015045 0.000000000000000 7.694891760045135
1 408 1.709975946676697 0.854987973338348 7.694891760045135
1 409 3.419951893353394 0.000000000000000 6.839903786706787
1 410 4.274939866691742 0.854987973338348 6.839903786706787
1 411 4.274939866691742 0.000000000000000 7.694891760045135
1 412 3.419951893353394 0.854987973338348 7.694891760045135
1 413 5.129927840030090 0.000000000000000 6.839903786706787
1 414 5.984915813368439 0.854987973338348 6.839903786706787
1 415 5.984915813368439 0.000000000000000 7.694891760045135
1 416 5.129927840030090 0.854987973338348 7.694891760045135
1 417 6.839903786706787 0.000000000000000 6.839903786706787
1 418 7.694891760045135 0.854987973338348 6.839903786706787
1 419 7.694891760045135 0.000000000000000 7.694891760045135
1 420 6.839903786706787 0.854987973338348 7.694891760045135
1 421 0.000000000000000 1.709975946676697 6.839903786706787
1 422 0.854987973338348 2.564963920015045 6.839903786706787
1 423 0.854987973338348 1.709975946676697 7.694891760045135
1 424 0.000000000000000 2.564963920015045 7.694891760045135
1 425 1.709975946676697 1.709975946676697 6.839903786706787
1 426 2.564963920015045 2.564963920015045 6.839903786706787
1 427 2.564963920015045 1.709975946676697 7.694891760045135
1 428 1.709975946676697 2.564963920015045 7.694891760045135
1 429 3.419951893353394 1.709975946676697 6.839903786706787
1 430 4.274939866691742 2.564963920015045 6.839903786706787
1 431 4.274939866691742 1.709975946676697 7.694891760045135
1 432 3.419951893353394 2.564963920015045 7.694891760045135
1 433 5.129927840030090 1.709975946676697 6.839903786706787
1 434 5.984915813368439 2.564963920015045 6.839903786706787
1 435 5.984915813368439 1.709975946676697 7.694891760045135
1 436 5.129927840030090 2.564963920015045 7.694891760045135
1 437 6.839903786706787 1.709975946676697 6.839903786706787
1 438 7.694891760045135 2.564963920015045 6.839903786706787
1 439 7.694891760045135 1.709975946676697 7.694891760045135
1 440 6.839903786706787 2.564963920015045 7.694891760045135
1 441 0.000000000000000 3.419951893353394 6.839903786706787
1 442 0.854987973338348 4.274939866691742 6.839903786706787
1 443 0.854987973338348 3.419951893353394 7.694891760045135
1 444 0.000000000000000 4.274939866691742 7.694891760045135
1 445 1.709975946676697 3.419951893353394 6.839903786706787
1 446 2.564963920015045 4.274939866691742 6.839903786706787
1 447 2.564963920015045 3.419951893353394 7.694891760045135
1 448 1.709975946676697 4.274939866691742 7.694891760045135
1 449 3.419951893353394 3.419951893353394 6.839903786706787
1 450 4.274939866691742 4.274939866691742 6.839903786706787
1 451 4.274939866691742 3.419951893353394 7.694891760045135
1 452 3.419951893353394 4.274939866691742 7.694891760045135
1 453 5.129927840030090 3.419951893353394 6.839903786706787
1 454 5.984915813368439 4.274939866691742 6.839903786706787
1 455 5.984915813368439 3.419951893353394 7.694891760045135
1 456 5.129927840030090 4.274939866691742 7.694891760045135
1 457 6.839903786706787 3.419951893353394 6.839903786706787
1 458 7.694891760045135 4.274939866691742 6.839903786706787
1 459 7.694891760045135 3.419951893353394 7.694891760045135
1 460 6.839903786706787 4.274939866691742 7.694891760045135
1 461 0.000000000000000 5.129927840030090 6.839903786706787
1 462 0.854987973338348 5.984915813368439 6.839903786706787
1 463 0.854987973338348 5.129927840030090 7.694891760045135
1 464 0.000000000000000 5.984915813368439 7.694891760045135
1 465 1.709975946676697 5.129927840030090 6.839903786706787
1 466 2.564963920015045 5.984915813368439 6.839903786706787
1 467 2.564963920015045 5.129927840030090 7.694891760045135
1 468 1.709975946676697 5.984915813368439 7.694891760045135
1 469 3.419951893353394 5.129927840030090 6.839903786706787
1 470 4.274939866691742 5.984915813368439 6.839903786706787
1 471 4.274939866691742 5.129927840030090 7.694891760045135
1 472 3.419951893353394 5.984915813368439 7.694891760045135
1 473 5.129927840030090 5.129927840030090 6.839903786706787
1 474 5.984915813368439 5.984915813368439 6.839903786706787
1 475 5.984915813368439 5.129927840030090 7.694891760045135
1 476 5.129927840030090 5.984915813368439 7.694891760045135
1 477 6.839903786706787 5.129927840030090 6.839903786706787
1 478 7.694891760045135 5.984915813368439 6.839903786706787
1 479 7.694891760045135 5.129927840030090 7.694891760045135
1 480 6.839903786706787 5.984915813368439 7.694891760045135
1 481 0.000000000000000 6.839903786706787 6.839903786706787
1 482 0.854987973338348 7.694891760045135 6.839903786706787
1 483 0.854987973338348 6.839903786706787 7.694891760045135
1 484 0.000000000000000 7.694891760045135 7.694891760045135
1 485 1.709975946676697 6.839903786706787 6.839903786706787
1 486 2.564963920015045 7.694891760045135 6.839903786706787
1 487 2.564963920015045 6.839903786706787 7.694891760045135
1 488 1.709975946676697 7.694891760045135 7.694891760045135
1 489 3.419951893353394 6.839903786706787 6.839903786706787
1 490 4.274939866691742 7.694891760045135 6.839903786706787
1 491 4.274939866691742 6.839903786706787 7.694891760045135
1 492 3.419951893353394 7.694891760045135 7.694891760045135
1 493 5.129927840030090 6.839903786706787 6.839903786706787
1 494 5.984915813368439 7.694891760045135 6.839903786706787
1 495 5.984915813368439 6.839903786706787 7.694891760045135
1 496 5.129927840030090 7.694891760045135 7.694891760045135
1 497 6.839903786706787 6.839903786706787 6.839903786706787
1 498 7.694891760045135 7.694891760045135 6.839903786706787
1 499 7.694891760045135 6.839903786706787 7.694891760045135
1 500 6.839903786706787 7.694891760045135 7.694891760045135
