500 1
11.677416900534244 11.677416900534244 11.677416900534244 0.000000 0.000000 0.000000
1 1 0.000000000000000 0.000000000000000 0.000000000000000
1 2 1.167741690053424 1.167741690053424 0.000000000000000
1 3 1.167741690053424 0.000000000000000 1.167741690053424
1 4 0.000000000000000 1.167741690053424 1.167741690053424
1 5 2.335483380106849 0.000000000000000 0.000000000000000
1 6 2.335483380106849 1.167741690053424 1.167741690053424
1 7 3.503225070160273 1.167741690053424 0.000000000000000
1 8 3.503225070160273 0.000000000000000 1.167741690053424
1 9 4.670966760213697 0.000000000000000 0.000000000000000
1 10 4.670966760213697 1.167741690053424 1.167741690053424
1 11 5.838708450267122 1.167741690053424 0.000000000000000
1 12 5.838708450267122 0.000000000000000 1.167741690053424
1 13 7.006450140320545 0.000000000000000 0.000000000000000
1 14 8.174191830373971 1.167741690053424 0.000000000000000
1 15 8.174191830373971 0.000000000000000 1.167741690053424
1 16 7.006450140320545 1.167741690053424 1.167741690053424
1 17 9.341933520427395 0.000000000000000 0.000000000000000
1 18 9.341933520427395 1.167741690053424 1.167741690053424
1 19 10.509675210480818 1.167741690053424 0.000000000000000
1 20 10.509675210480818 0.000000000000000 1.167741690053424
1 21 0.000000000000000 2.335483380106849 0.000000000000000
1 22 1.167741690053424 2.335483380106849 1.167741690053424
1 23 2.335483380106849 2.335483380106849 0.000000000000000
1 24 3.503225070160273 2.335483380106849 1.167741690053424
1 25 4.670966760213697 2.335483380106849 0.000000000000000
1 26 5.838708450267122 2.335483380106849 1.167741690053424
1 27 7.006450140320545 2.335483380106849 0.000000000000000
1 28 8.174191830373971 2.335483380106849 1.167741690053424
1 29 9.341933520427395 2.335483380106849 0.000000000000000
1 30 10.509675210480818 2.335483380106849 1.167741690053424
1 31 1.167741690053424 3.503225070160273 0.000000000000000
1 32 0.000000000000000 3.503225070160273 1.167741690053424
1 33 0.000000000000000 4.670966760213697 0.000000000000000
1 34 1.167741690053424 4.670966760213697 1.167741690053424
1 35 2.335483380106849 3.503225070160273 1.167741690053424
1 36 2.335483380106849 4.670966760213697 0.000000000000000
1 37 3.503225070160273 3.503225070160273 0.000000000000000
1 38 4.670966760213697 3.503225070160273 1.167741690053424
1 39 3.503225070160273 4.670966760213697 1.167741690053424
1 40 4.670966760213697 4.670966760213697 0.000000000000000
1 41 5.838708450267122 3.503225070160273 0.000000000000000
1 42 5.838708450267122 4.670966760213697 1.167741690053424
1 43 8.174191830373971 3.503225070160273 0.000000000000000
1 44 7.006450140320545 3.503225070160273 1.167741690053424
1 45 7.006450140320545 4.670966760213697 0.000000000000000
1 46 8.174191830373971 4.670966760213697 1.167741690053424
1 47 9.341933520427395 3.503225070160273 1.167741690053424
1 48 9.341933520427395 4.670966760213697 0.000000000000000
1 49 10.509675210480818 3.503225070160273 0.000000000000000
1 50 10.509675210480818 4.670966760213697 1.167741690053424
1 51 1.167741690053424 5.838708450267122 0.000000000000000
1 52 0.000000000000000 5.838708450267122 1.167741690053424
1 53 2.335483380106849 5.838708450267122 1.167741690053424
1 54 3.503225070160273 5.838708450267122 0.000000000000000
1 55 4.670966760213697 5.838708450267122 1.167741690053424
1 56 5.838708450267122 5.838708450267122 0.000000000000000
1 57 8.174191830373971 5.838708450267122 0.000000000000000
1 58 7.006450140320545 5.838708450267122 1.167741690053424
1 59 9.341933520427395 5.838708450267122 1.167741690053424
1 60 10.509675210480818 5.838708450267122 0.000000000000000
1 61 0.000000000000000 7.006450140320545 0.000000000000000
1 62 1.167741690053424 8.174191830373971 0.000000000000000
1 63 1.167741690053424 7.006450140320545 1.167741690053424
1 64 0.000000000000000 8.174191830373971 1.167741690053424
1 65 2.335483380106849 7.006450140320545 0.000000000000000
1 66 2.335483380106849 8.174191830373971 1.167741690053424
1 67 3.503225070160273 8.174191830373971 0.000000000000000
1 68 3.503225070160273 7.006450140320545 1.167741690053424
1 69 4.670966760213697 7.006450140320545 0.000000000000000
1 70 4.670966760213697 8.174191830373971 1.167741690053424
1 71 5.838708450267122 8.174191830373971 0.000000000000000
1 72 5.838708450267122 7.006450140320545 1.167741690053424
1 73 7.006450140320545 7.006450140320545 0.000000000000000
1 74 8.174191830373971 8.174191830373971 0.000000000000000
1 75 8.174191830373971 7.006450140320545 1.167741690053424
1 76 7.006450140320545 8.174191830373971 1.167741690053424
1 77 9.341933520427395 7.006450140320545 0.000000000000000
1 78 9.341933520427395 8.174191830373971 1.167741690053424
1 79 10.509675210480818 8.174191830373971 0.000000000000000
1 80 10.509675210480818 7.006450140320545 1.167741690053424
1 81 0.000000000000000 9.341933520427395 0.000000000000000
1 82 1.167741690053424 9.341933520427395 1.167741690053424
1 83 2.335483380106849 9.341933520427395 0.000000000000000
1 84 3.503225070160273 9.341933520427395 1.167741690053424
1 85 4.670966760213697 9.341933520427395 0.000000000000000
1 86 5.838708450267122 9.341933520427395 1.167741690053424
1 87 7.006450140320545 9.341933520427395 0.000000000000000
1 88 8.174191830373971 9.341933520427395 1.167741690053424
1 89 9.341933520427395 9.341933520427395 0.000000000000000
1 90 10.509675210480818 9.341933520427395 1.167741690053424
1 91 1.167741690053424 10.509675210480818 0.000000000000000
1 92 0.000000000000000 10.509675210480818 1.167741690053424
1 93 2.335483380106849 10.509675210480818 1.167741690053424
1 94 3.503225070160273 10.509675210480818 0.000000000000000
1 95 4.670966760213697 10.509675210480818 1.167741690053424
1 96 5.838708450267122 10.509675210480818 0.000000000000000
1 97 8.174191830373971 10.509675210480818 0.000000000000000
1 98 7.006450140320545 10.509675210480818 1.167741690053424
1 99 9.341933520427395 10.509675210480818 1.167741690053424
1 100 10.509675210480818 10.509675210480818 0.000000000000000
1 101 0.000000000000000 0.000000000000000 2.335483380106849
1 102 1.167741690053424 1.167741690053424 2.335483380106849
1 103 2.335483380106849 0.000000000000000 2.335483380106849
1 104 3.503225070160273 1.167741690053424 2.335483380106849
1 105 4.670966760213697 0.000000000000000 2.335483380106849
1 106 5.838708450267122 1.167741690053424 2.335483380106849
1 107 7.006450140320545 0.000000000000000 2.335483380106849
1 108 8.174191830373971 1.167741690053424 2.335483380106849
1 109 9.341933520427395 0.000000000000000 2.335483380106849
1 110 10.509675210480818 1.167741690053424 2.335483380106849
1 111 0.000000000000000 2.335483380106849 2.335483380106849
1 112 2.335483380106849 2.335483380106849 2.335483380106849
1 113 4.670966760213697 2.335483380106849 2.335483380106849
1 114 7.006450140320545 2.335483380106849 2.335483380106849
1 115 9.341933520427395 2.335483380106849 2.335483380106849
1 116 1.167741690053424 3.503225070160273 2.335483380106849
1 117 0.000000000000000 4.670966760213697 2.335483380106849
1 118 2.335483380106849 4.670966760213697 2.335483380106849
1 119 3.503225070160273 3.503225070160273 2.335483380106849
1 120 4.670966760213697 4.670966760213697 2.335483380106849
1 121 5.838708450267122 3.503225070160273 2.335483380106849
1 122 8.174191830373971 3.503225070160273 2.335483380106849
1 123 7.006450140320545 4.670966760213697 2.335483380106849
1 124 9.341933520427395 4.670966760213697 2.335483380106849
1 125 10.509675210480818 3.503225070160273 2.335483380106849
1 126 1.167741690053424 5.838708450267122 2.335483380106849
1 127 3.503225070160273 5.838708450267122 2.335483380106849
1 128 5.838708450267122 5.838708450267122 2.335483380106849
1 129 8.174191830373971 5.838708450267122 2.335483380106849
1 130 10.509675210480818 5.838708450267122 2.335483380106849
1 131 0.000000000000000 7.006450140320545 2.335483380106849
1 132 1.167741690053424 8.174191830373971 2.335483380106849
1 133 2.335483380106849 7.006450140320545 2.335483380106849
1 134 3.503225070160273 8.174191830373971 2.335483380106849
1 135 4.670966760213697 7.006450140320545 2.335483380106849
1 136 5.838708450267122 8.174191830373971 2.335483380106849
1 137 7.006450140320545 7.006450140320545 2.335483380106849
1 138 8.174191830373971 8.174191830373971 2.335483380106849
1 139 9.341933520427395 7.006450140320545 2.335483380106849
1 140 10.509675210480818 8.174191830373971 2.335483380106849
1 141 0.000000000000000 9.341933520427395 2.335483380106849
1 142 2.335483380106849 9.341933520427395 2.335483380106849
1 143 4.670966760213697 9.341933520427395 2.335483380106849
1 144 7.006450140320545 9.341933520427395 2.335483380106849
1 145 9.341933520427395 9.341933520427395 2.335483380106849
1 146 1.167741690053424 10.509675210480818 2.335483380106849
1 147 3.503225070160273 10.509675210480818 2.335483380106849
1 148 5.838708450267122 10.509675210480818 2.335483380106849
1 149 8.174191830373971 10.509675210480818 2.335483380106849
1 150 10.509675210480818 10.509675210480818 2.335483380106849
1 151 1.167741690053424 0.000000000000000 3.503225070160273
1 152 0.000000000000000 1.167741690053424 3.503225070160273
1 153 0.000000000000000 0.000000000000000 4.670966760213697
1 154 1.167741690053424 1.167741690053424 4.670966760213697
1 155 2.335483380106849 1.167741690053424 3.503225070160273
1 156 2.335483380106849 0.000000000000000 4.670966760213697
1 157 3.503225070160273 0.000000000000000 3.503225070160273
1 158 4.670966760213697 1.167741690053424 3.503225070160273
1 159 3.503225070160273 1.167741690053424 4.670966760213697
1 160 4.670966760213697 0.000000000000000 4.670966760213697
1 161 5.838708450267122 0.000000000000000 3.503225070160273
1 162 5.838708450267122 1.167741690053424 4.670966760213697
1 163 8.174191830373971 0.000000000000000 3.503225070160273
1 164 7.006450140320545 1.167741690053424 3.503225070160273
1 165 7.006450140320545 0.000000000000000 4.670966760213697
1 166 8.174191830373971 1.167741690053424 4.670966760213697
1 167 9.341933520427395 1.167741690053424 3.503225070160273
1 168 9.341933520427395 0.000000000000000 4.670966760213697
1 169 10.509675210480818 0.000000000000000 3.503225070160273
1 170 10.509675210480818 1.167741690053424 4.670966760213697
1 171 1.167741690053424 2.335483380106849 3.503225070160273
1 172 0.000000000000000 2.335483380106849 4.670966760213697
1 173 2.335483380106849 2.335483380106849 4.670966760213697
1 174 3.503225070160273 2.335483380106849 3.503225070160273
1 175 4.670966760213697 2.335483380106849 4.670966760213697
1 176 5.838708450267122 2.335483380106849 3.503225070160273
1 177 8.174191830373971 2.335483380106849 3.503225070160273
1 178 7.006450140320545 2.335483380106849 4.670966760213697
1 179 9.341933520427395 2.335483380106849 4.670966760213697
1 180 10.509675210480818 2.335483380106849 3.503225070160273
1 181 0.000000000000000 3.503225070160273 3.503225070160273
1 182 1.167741690053424 4.670966760213697 3.503225070160273
1 183 1.167741690053424 3.503225070160273 4.670966760213697
1 184 0.000000000000000 4.670966760213697 4.670966760213697
1 185 2.335483380106849 3.503225070160273 3.503225070160273
1 186 2.335483380106849 4.670966760213697 4.670966760213697
1 187 4.670966760213697 3.503225070160273 3.503225070160273
1 188 3.503225070160273 4.670966760213697 3.503225070160273
1 189 3.503225070160273 3.503225070160273 4.670966760213697
1 190 4.670966760213697 4.670966760213697 4.670966760213697
1 191 5.838708450267122 4.670966760213697 3.503225070160273
1 192 5.838708450267122 3.503225070160273 4.670966760213697
1 193 7.006450140320545 3.503225070160273 3.503225070160273
1 194 8.174191830373971 4.670966760213697 3.503225070160273
1 195 8.174191830373971 3.503225070160273 4.670966760213697
1 196 7.006450140320545 4.670966760213697 4.670966760213697
1 197 9.341933520427395 3.503225070160273 3.503225070160273
1 198 9.341933520427395 4.670966760213697 4.670966760213697
1 199 10.509675210480818 4.670966760213697 3.503225070160273
1 200 10.509675210480818 3.503225070160273 4.670966760213697
1 201 0.000000000000000 5.838708450267122 3.503225070160273
1 202 1.167741690053424 5.838708450267122 4.670966760213697
1 203 2.335483380106849 5.838708450267122 3.503225070160273
1 204 4.670966760213697 5.838708450267122 3.503225070160273
1 205 3.503225070160273 5.838708450267122 4.670966760213697
1 206 5.838708450267122 5.838708450267122 4.670966760213697
1 207 7.006450140320545 5.838708450267122 3.503225070160273
1 208 8.174191830373971 5.838708450267122 4.670966760213697
1 209 9.341933520427395 5.838708450267122 3.503225070160273
1 210 10.509675210480818 5.838708450267122 4.670966760213697
1 211 1.167741690053424 7.006450140320545 3.503225070160273
1 212 0.000000000000000 8.174191830373971 3.503225070160273
1 213 0.000000000000000 7.006450140320545 4.670966760213697
1 214 1.167741690053424 8.174191830373971 4.670966760213697
1 215 2.335483380106849 8.174191830373971 3.503225070160273
1 216 2.335483380106849 7.006450140320545 4.670966760213697
1 217 3.503225070160273 7.006450140320545 3.503225070160273
1 218 4.670966760213697 8.174191830373971 3.503225070160273
1 219 3.503225070160273 8.174191830373971 4.670966760213697
1 220 4.670966760213697 7.006450140320545 4.670966760213697
1 221 5.838708450267122 7.006450140320545 3.503225070160273
1 222 5.838708450267122 8.174191830373971 4.670966760213697
1 223 8.174191830373971 7.006450140320545 3.503225070160273
1 224 7.006450140320545 8.174191830373971 3.503225070160273
1 225 7.006450140320545 7.006450140320545 4.670966760213697
1 226 8.174191830373971 8.174191830373971 4.670966760213697
1 227 9.341933520427395 8.174191830373971 3.503225070160273
1 228 9.341933520427395 7.006450140320545 4.670966760213697
1 229 10.509675210480818 7.006450140320545 3.503225070160273
1 230 10.509675210480818 8.174191830373971 4.670966760213697
1 231 1.167741690053424 9.341933520427395 3.503225070160273
1 232 0.000000000000000 9.341933520427395 4.670966760213697
1 233 2.335483380106849 9.341933520427395 4.670966760213697
1 234 3.503225070160273 9.341933520427395 3.503225070160273
1 235 4.670966760213697 9.341933520427395 4.670966760213697
1 236 5.838708450267122 9.341933520427395 3.503225070160273
1 237 8.174191830373971 9.341933520427395 3.503225070160273
1 238 7.006450140320545 9.341933520427395 4.670966760213697
1 239 9.341933520427395 9.341933520427395 4.670966760213697
1 240 10.509675210480818 9.341933520427395 3.503225070160273
1 241 0.000000000000000 10.509675210480818 3.503225070160273
1 242 1.167741690053424 10.509675210480818 4.670966760213697
1 243 2.335483380106849 10.509675210480818 3.503225070160273
1 244 4.670966760213697 10.509675210480818 3.503225070160273
1 245 3.503225070160273 10.509675210480818 4.670966760213697
1 246 5.838708450267122 10.509675210480818 4.670966760213697
1 247 7.006450140320545 10.509675210480818 3.503225070160273
1 248 8.174191830373971 10.509675210480818 4.670966760213697
1 249 9.341933520427395 10.509675210480818 3.503225070160273
1 250 10.509675210480818 10.509675210480818 4.670966760213697
1 251 1.167741690053424 0.000000000000000 5.838708450267122
1 252 0.000000000000000 1.167741690053424 5.838708450267122
1 253 2.335483380106849 1.167741690053424 5.838708450267122
1 254 3.503225070160273 0.000000000000000 5.838708450267122
1 255 4.670966760213697 1.167741690053424 5.838708450267122
1 256 5.838708450267122 0.000000000000000 5.838708450267122
1 257 8.174191830373971 0.000000000000000 5.838708450267122
1 258 7.006450140320545 1.167741690053424 5.838708450267122
1 259 9.341933520427395 1.167741690053424 5.838708450267122
1 260 10.509675210480818 0.000000000000000 5.838708450267122
1 261 1.167741690053424 2.335483380106849 5.838708450267122
1 262 3.503225070160273 2.335483380106849 5.838708450267122
1 263 5.838708450267122 2.335483380106849 5.838708450267122
1 264 8.174191830373971 2.335483380106849 5.838708450267122
1 265 10.509675210480818 2.335483380106849 5.838708450267122
1 266 0.000000000000000 3.503225070160273 5.838708450267122
1 267 1.167741690053424 4.670966760213697 5.838708450267122
1 268 2.335483380106849 3.503225070160273 5.838708450267122
1 269 4.670966760213697 3.503225070160273 5.838708450267122
1 270 3.503225070160273 4.670966760213697 5.838708450267122
1 271 5.838708450267122 4.670966760213697 5.838708450267122
1 272 7.006450140320545 3.503225070160273 5.838708450267122
1 273 8.174191830373971 4.670966760213697 5.838708450267122
1 274 9.341933520427395 3.503225070160273 5.838708450267122
1 275 10.509675210480818 4.670966760213697 5.838708450267122
1 276 0.000000000000000 5.838708450267122 5.838708450267122
1 277 2.335483380106849 5.838708450267122 5.838708450267122
1 278 4.670966760213697 5.838708450267122 5.838708450267122
1 279 7.006450140320545 5.838708450267122 5.838708450267122
1 280 9.341933520427395 5.838708450267122 5.838708450267122
1 281 1.167741690053424 7.006450140320545 5.838708450267122
1 282 0.000000000000000 8.174191830373971 5.838708450267122
1 283 2.335483380106849 8.174191830373971 5.838708450267122
1 284 3.503225070160273 7.006450140320545 5.838708450267122
1 285 4.670966760213697 8.174191830373971 5.838708450267122
1 286 5.838708450267122 7.006450140320545 5.838708450267122
1 287 8.174191830373971 7.006450140320545 5.838708450267122
1 288 7.006450140320545 8.174191830373971 5.838708450267122
1 289 9.341933520427395 8.174191830373971 5.838708450267122
1 290 10.509675210480818 7.006450140320545 5.838708450267122
1 291 1.167741690053424 9.341933520427395 5.838708450267122
1 292 3.503225070160273 9.341933520427395 5.838708450267122
1 293 5.838708450267122 9.341933520427395 5.838708450267122
1 294 8.174191830373971 9.341933520427395 5.838708450267122
1 295 10.509675210480818 9.341933520427395 5.838708450267122
1 296 0.000000000000000 10.509675210480818 5.838708450267122
1 297 2.335483380106849 10.509675210480818 5.838708450267122
1 298 4.670966760213697 10.509675210480818 5.838708450267122
1 299 7.006450140320545 10.509675210480818 5.838708450267122
1 300 9.341933520427395 10.509675210480818 5.838708450267122
1 301 0.000000000000000 0.000000000000000 7.006450140320545
1 302 1.167741690053424 1.167741690053424 7.006450140320545
1 303 1.167741690053424 0.000000000000000 8.174191830373971
1 304 0.000000000000000 1.167741690053424 8.174191830373971
1 305 2.335483380106849 0.000000000000000 7.006450140320545
1 306 2.335483380106849 1.167741690053424 8.174191830373971
1 307 3.503225070160273 1.167741690053424 7.006450140320545
1 308 3.503225070160273 0.000000000000000 8.174191830373971
1 309 4.670966760213697 0.000000000000000 7.006450140320545
1 310 4.670966760213697 1.167741690053424 8.174191830373971
1 311 5.838708450267122 1.167741690053424 7.006450140320545
1 312 5.838708450267122 0.000000000000000 8.174191830373971
1 313 7.006450140320545 0.000000000000000 7.006450140320545
1 314 8.174191830373971 1.167741690053424 7.006450140320545
1 315 8.174191830373971 0.000000000000000 8.174191830373971
1 316 7.006450140320545 1.167741690053424 8.174191830373971
1 317 9.341933520427395 0.000000000000000 7.006450140320545
1 318 9.341933520427395 1.167741690053424 8.174191830373971
1 319 10.509675210480818 1.167741690053424 7.006450140320545
1 320 10.509675210480818 0.000000000000000 8.174191830373971
1 321 0.000000000000000 2.335483380106849 7.006450140320545
1 322 1.167741690053424 2.335483380106849 8.174191830373971
1 323 2.335483380106849 2.335483380106849 7.006450140320545
1 324 3.503225070160273 2.335483380106849 8.174191830373971
1 325 4.670966760213697 2.335483380106849 7.006450140320545
1 326 5.838708450267122 2.335483380106849 8.174191830373971
1 327 7.006450140320545 2.335483380106849 7.006450140320545
1 328 8.174191830373971 2.335483380106849 8.174191830373971
1 329 9.341933520427395 2.335483380106849 7.006450140320545
1 330 10.509675210480818 2.335483380106849 8.174191830373971
1 331 1.167741690053424 3.503225070160273 7.006450140320545
1 332 0.000000000000000 3.503225070160273 8.174191830373971
1 333 0.000000000000000 4.670966760213697 7.006450140320545
1 334 1.167741690053424 4.670966760213697 8.174191830373971
1 335 2.335483380106849 3.503225070160273 8.174191830373971
1 336 2.335483380106849 4.670966760213697 7.006450140320545
1 337 3.503225070160273 3.503225070160273 7.006450140320545
1 338 4.670966760213697 3.503225070160273 8.174191830373971
1 339 3.503225070160273 4.670966760213697 8.174191830373971
1 340 4.670966760213697 4.670966760213697 7.006450140320545
1 341 5.838708450267122 3.503225070160273 7.006450140320545
1 342 5.838708450267122 4.670966760213697 8.174191830373971
1 343 8.174191830373971 3.503225070160273 7.006450140320545
1 344 7.006450140320545 3.503225070160273 8.174191830373971
1 345 7.006450140320545 4.670966760213697 7.006450140320545
1 346 8.174191830373971 4.670966760213697 8.174191830373971
1 347 9.341933520427395 3.503225070160273 8.174191830373971
1 348 9.341933520427395 4.670966760213697 7.006450140320545
1 349 10.509675210480818 3.503225070160273 7.006450140320545
1 350 10.509675210480818 4.670966760213697 8.174191830373971
1 351 1.167741690053424 5.838708450267122 7.006450140320545
1 352 0.000000000000000 5.838708450267122 8.174191830373971
1 353 2.335483380106849 5.838708450267122 8.174191830373971
1 354 3.503225070160273 5.838708450267122 7.006450140320545
1 355 4.670966760213697 5.838708450267122 8.174191830373971
1 356 5.838708450267122 5.838708450267122 7.006450140320545
1 357 8.174191830373971 5.838708450267122 7.006450140320545
1 358 7.006450140320545 5.838708450267122 8.174191830373971
1 359 9.341933520427395 5.838708450267122 8.174191830373971
1 360 10.509675210480818 5.838708450267122 7.006450140320545
1 361 0.000000000000000 7.006450140320545 7.006450140320545
1 362 1.167741690053424 8.174191830373971 7.006450140320545
1 363 1.167741690053424 7.006450140320545 8.174191830373971
1 364 0.000000000000000 8.174191830373971 8.174191830373971
1 365 2.335483380106849 7.006450140320545 7.006450140320545
1 366 2.335483380106849 8.174191830373971 8.174191830373971
1 367 3.503225070160273 8.174191830373971 7.006450140320545
1 368 3.503225070160273 7.006450140320545 8.174191830373971
1 369 4.670966760213697 7.006450140320545 7.006450140320545
1 370 4.670966760213697 8.174191830373971 8.174191830373971
1 371 5.838708450267122 8.174191830373971 7.006450140320545
1 372 5.838708450267122 7.006450140320545 8.174191830373971
1 373 7.006450140320545 7.006450140320545 7.006450140320545
1 374 8.174191830373971 8.174191830373971 7.006450140320545
1 375 8.174191830373971 7.006450140320545 8.174191830373971
1 376 7.006450140320545 8.174191830373971 8.174191830373971
1 377 9.341933520427395 7.006450140320545 7.006450140320545
1 378 9.341933520427395 8.174191830373971 8.174191830373971
1 379 10.509675210480818 8.174191830373971 7.006450140320545
1 380 10.509675210480818 7.006450140320545 8.174191830373971
1 381 0.000000000000000 9.341933520427395 7.006450140320545
1 382 1.167741690053424 9.341933520427395 8.174191830373971
1 383 2.335483380106849 9.341933520427395 7.006450140320545
1 384 3.503225070160273 9.341933520427395 8.174191830373971
1 385 4.670966760213697 9.341933520427395 7.006450140320545
1 386 5.838708450267122 9.341933520427395 8.174191830373971
1 387 7.006450140320545 9.341933520427395 7.006450140320545
1 388 8.174191830373971 9.341933520427395 8.174191830373971
1 389 9.341933520427395 9.341933520427395 7.006450140320545
1 390 10.509675210480818 9.341933520427395 8.174191830373971
1 391 1.167741690053424 10.509675210480818 7.006450140320545
1 392 0.000000000000000 10.509675210480818 8.174191830373971
1 393 2.335483380106849 10.509675210480818 8.174191830373971
1 394 3.503225070160273 10.509675210480818 7.006450140320545
1 395 4.670966760213697 10.509675210480818 8.174191830373971
1 396 5.838708450267122 10.509675210480818 7.006450140320545
1 397 8.174191830373971 10.509675210480818 7.006450140320545
1 398 7.006450140320545 10.509675210480818 8.174191830373971
1 399 9.341933520427395 10.509675210480818 8.174191830373971
1 400 10.509675210480818 10.509675210480818 7.006450140320545
1 401 0.000000000000000 0.000000000000000 9.341933520427395
1 402 1.167741690053424 1.167741690053424 9.341933520427395
1 403 2.335483380106849 0.000000000000000 9.341933520427395
1 404 3.503225070160273 1.167741690053424 9.341933520427395
1 405 4.670966760213697 0.000000000000000 9.341933520427395
1 406 5.838708450267122 1.167741690053424 9.341933520427395
1 407 7.006450140320545 0.000000000000000 9.341933520427395
1 408 8.174191830373971 1.167741690053424 9.341933520427395
1 409 9.341933520427395 0.000000000000000 9.341933520427395
1 410 10.509675210480818 1.167741690053424 9.341933520427395
1 411 0.000000000000000 2.335483380106849 9.341933520427395
1 412 2.335483380106849 2.335483380106849 9.341933520427395
1 413 4.670966760213697 2.335483380106849 9.341933520427395
1 414 7.006450140320545 2.335483380106849 9.341933520427395
1 415 9.341933520427395 2.335483380106849 9.341933520427395
1 416 1.167741690053424 3.503225070160273 9.341933520427395
1 417 0.000000000000000 4.670966760213697 9.341933520427395
1 418 2.335483380106849 4.670966760213697 9.341933520427395
1 419 3.503225070160273 3.503225070160273 9.341933520427395
1 420 4.670966760213697 4.670966760213697 9.341933520427395
1 421 5.838708450267122 3.503225070160273 9.341933520427395
1 422 8.174191830373971 3.503225070160273 9.341933520427395
1 423 7.006450140320545 4.670966760213697 9.341933520427395
1 424 9.341933520427395 4.670966760213697 9.341933520427395
1 425 10.509675210480818 3.503225070160273 9.341933520427395
1 426 1.167741690053424 5.838708450267122 9.341933520427395
1 427 3.503225070160273 5.838708450267122 9.341933520427395
1 428 5.838708450267122 5.838708450267122 9.341933520427395
1 429 8.174191830373971 5.838708450267122 9.341933520427395
1 430 10.509675210480818 5.838708450267122 9.341933520427395
1 431 0.000000000000000 7.006450140320545 9.341933520427395
1 432 1.167741690053424 8.174191830373971 9.341933520427395
1 433 2.335483380106849 7.006450140320545 9.341933520427395
1 434 3.503225070160273 8.174191830373971 9.341933520427395
1 435 4.670966760213697 7.006450140320545 9.341933520427395
1 436 5.838708450267122 8.174191830373971 9.341933520427395
1 437 7.006450140320545 7.006450140320545 9.341933520427395
1 438 8.174191830373971 8.174191830373971 9.341933520427395
1 439 9.341933520427395 7.006450140320545 9.341933520427395
1 440 10.509675210480818 8.174191830373971 9.341933520427395
1 441 0.000000000000000 9.341933520427395 9.341933520427395
1 442 2.335483380106849 9.341933520427395 9.341933520427395
1 443 4.670966760213697 9.341933520427395 9.341933520427395
1 444 7.006450140320545 9.341933520427395 9.341933520427395
1 445 9.341933520427395 9.341933520427395 9.341933520427395
1 446 1.167741690053424 10.509675210480818 9.341933520427395
1 447 3.503225070160273 10.509675210480818 9.341933520427395
1 448 5.838708450267122 10.509675210480818 9.341933520427395
1 449 8.174191830373971 10.509675210480818 9.341933520427395
1 450 10.509675210480818 10.509675210480818 9.341933520427395
1 451 1.167741690053424 0.000000000000000 10.509675210480818
1 452 0.000000000000000 1.167741690053424 10.509675210480818
1 453 2.335483380106849 1.167741690053424 10.509675210480818
1 454 3.503225070160273 0.000000000000000 10.509675210480818
1 455 4.670966760213697 1.167741690053424 10.509675210480818
1 456 5.838708450267122 0.000000000000000 10.509675210480818
1 457 8.174191830373971 0.000000000000000 10.509675210480818
1 458 7.006450140320545 1.167741690053424 10.509675210480818
1 459 9.341933520427395 1.167741690053424 10.509675210480818
1 460 10.509675210480818 0.000000000000000 10.509675210480818
1 461 1.167741690053424 2.335483380106849 10.509675210480818
1 462 3.503225070160273 2.335483380106849 10.509675210480818
1 463 5.838708450267122 2.335483380106849 10.509675210480818
1 464 8.174191830373971 2.335483380106849 10.509675210480818
1 465 10.509675210480818 2.335483380106849 10.509675210480818
1 466 0.000000000000000 3.503225070160273 10.509675210480818
1 467 1.167741690053424 4.670966760213697 10.509675210480818
1 468 2.335483380106849 3.503225070160273 10.509675210480818
1 469 4.670966760213697 3.503225070160273 10.509675210480818
1 470 3.503225070160273 4.670966760213697 10.509675210480818
1 471 5.838708450267122 4.670966760213697 10.509675210480818
1 472 7.006450140320545 3.503225070160273 10.509675210480818
1 473 8.174191830373971 4.670966760213697 10.509675210480818
1 474 9.341933520427395 3.503225070160273 10.509675210480818
1 475 10.509675210480818 4.670966760213697 10.509675210480818
1 476 0.000000000000000 5.838708450267122 10.509675210480818
1 477 2.335483380106849 5.838708450267122 10.509675210480818
1 478 4.670966760213697 5.838708450267122 10.509675210480818
1 479 7.006450140320545 5.838708450267122 10.509675210480818
1 480 9.341933520427395 5.838708450267122 10.509675210480818
1 481 1.167741690053424 7.006450140320545 10.509675210480818
1 482 0.000000000000000 8.174191830373971 10.509675210480818
1 483 2.335483380106849 8.174191830373971 10.509675210480818
1 484 3.503225070160273 7.006450140320545 10.509675210480818
1 485 4.670966760213697 8.174191830373971 10.509675210480818
1 486 5.838708450267122 7.006450140320545 10.509675210480818
1 487 8.174191830373971 7.006450140320545 10.509675210480818
1 488 7.006450140320545 8.174191830373971 10.509675210480818
1 489 9.341933520427395 8.174191830373971 10.509675210480818
1 490 10.509675210480818 7.006450140320545 10.509675210480818
1 491 1.167741690053424 9.341933520427395 10.509675210480818
1 492 3.503225070160273 9.341933520427395 10.509675210480818
1 493 5.838708450267122 9.341933520427395 10.509675210480818
1 494 8.174191830373971 9.341933520427395 10.509675210480818
1 495 10.509675210480818 9.341933520427395 10.509675210480818
1 496 0.000000000000000 10.509675210480818 10.509675210480818
1 497 2.335483380106849 10.509675210480818 10.509675210480818
1 498 4.670966760213697 10.509675210480818 10.509675210480818
1 499 7.006450140320545 10.509675210480818 10.509675210480818
1 500 9.341933520427395 10.509675210480818 10.509675210480818
