500 1
8.220706914434899 8.220706914434899 8.220706914434899 0.000000 0.000000 0.000000
1 1 0.000000000000000 0.000000000000000 0.000000000000000
1 2 0.822070691443490 0.822070691443490 0.000000000000000
1 3 0.822070691443490 0.000000000000000 0.822070691443490
1 4 0.000000000000000 0.822070691443490 0.822070691443490
1 5 1.644141382886980 0.000000000000000 0.000000000000000
1 6 2.466212074330470 0.822070691443490 0.000000000000000
1 7 2.466212074330470 0.000000000000000 0.822070691443490
1 8 1.644141382886980 0.822070691443490 0.822070691443490
1 9 3.288282765773960 0.000000000000000 0.000000000000000
1 10 4.110353457217450 0.822070691443490 0.000000000000000
1 11 4.110353457217450 0.000000000000000 0.822070691443490
1 12 3.288282765773960 0.822070691443490 0.822070691443490
1 13 4.932424148660940 0.000000000000000 0.000000000000000
1 14 5.754494840104430 0.822070691443490 0.000000000000000
1 15 5.754494840104430 0.000000000000000 0.822070691443490
1 16 4.932424148660940 0.822070691443490 0.822070691443490
1 17 6.576565531547920 0.000000000000000 0.000000000000000
1 18 7.398636222991410 0.822070691443490 0.000000000000000
1 19 7.398636222991410 0.000000000000000 0.822070691443490
1 20 6.576565531547920 0.822070691443490 0.822070691443490
1 21 0.000000000000000 1.644141382886980 0.000000000000000
1 22 0.822070691443490 2.466212074330470 0.000000000000000
1 23 0.822070691443490 1.644141382886980 0.822070691443490
1 24 0.000000000000000 2.466212074330470 0.822070691443490
1 25 1.644141382886980 1.644141382886980 0.000000000000000
1 26 2.466212074330470 2.466212074330470 0.000000000000000
1 27 2.466212074330470 1.644141382886980 0.822070691443490
1 28 1.644141382886980 2.466212074330470 0.822070691443490
1 29 3.288282765773960 1.644141382886980 0.000000000000000
1 30 4.110353457217450 2.466212074330470 0.000000000000000
1 31 4.110353457217450 1.644141382886980 0.822070691443490
1 32 3.288282765773960 2.466212074330470 0.822070691443490
1 33 4.932424148660940 1.644141382886980 0.000000000000000
1 34 5.754494840104430 2.466212074330470 0.000000000000000
1 35 5.754494840104430 1.644141382886980 0.822070691443490
1 36 4.932424148660940 2.466212074330470 0.822070691443490
1 37 6.576565531547920 1.644141382886980 0.000000000000000
1 38 7.398636222991410 2.466212074330470 0.000000000000000
1 39 7.398636222991410 1.644141382886980 0.822070691443490
1 40 6.576565531547920 2.466212074330470 0.822070691443490
1 41 0.000000000000000 3.288282765773960 0.000000000000000
1 42 0.822070691443490 4.110353457217450 0.000000000000000
1 43 0.822070691443490 3.288282765773960 0.822070691443490
1 44 0.000000000000000 4.110353457217450 0.822070691443490
1 45 1.644141382886980 3.288282765773960 0.000000000000000
1 46 2.466212074330470 4.110353457217450 0.000000000000000
1 47 2.466212074330470 3.288282765773960 0.822070691443490
1 48 1.644141382886980 4.110353457217450 0.822070691443490
1 49 3.288282765773960 3.288282765773960 0.000000000000000
1 50 4.110353457217450 4.110353457217450 0.000000000000000
1 51 4.110353457217450 3.288282765773960 0.822070691443490
1 52 3.288282765773960 4.110353457217450 0.822070691443490
1 53 4.932424148660940 3.288282765773960 0.000000000000000
1 54 5.754494840104430 4.110353457217450 0.000000000000000
1 55 5.754494840104430 3.288282765773960 0.822070691443490
1 56 4.932424148660940 4.110353457217450 0.822070691443490
1 57 6.576565531547920 3.288282765773960 0.000000000000000
1 58 7.398636222991410 4.110353457217450 0.000000000000000
1 59 7.398636222991410 3.288282765773960 0.822070691443490
1 60 6.576565531547920 4.110353457217450 0.822070691443490
1 61 0.000000000000000 4.932424148660940 0.000000000000000
1 62 0.822070691443490 5.754494840104430 0.000000000000000
1 63 0.822070691443490 4.932424148660940 0.822070691443490
1 64 0.000000000000000 5.754494840104430 0.822070691443490
1 65 1.644141382886980 4.932424148660940 0.000000000000000
1 66 2.466212074330470 5.754494840104430 0.000000000000000
1 67 2.466212074330470 4.932424148660940 0.822070691443490
1 68 1.644141382886980 5.754494840104430 0.822070691443490
1 69 3.288282765773960 4.932424148660940 0.000000000000000
1 70 4.110353457217450 5.754494840104430 0.000000000000000
1 71 4.110353457217450 4.932424148660940 0.822070691443490
1 72 3.288282765773960 5.754494840104430 0.822070691443490
1 73 4.932424148660940 4.932424148660940 0.000000000000000
1 74 5.754494840104430 5.754494840104430 0.000000000000000
1 75 5.754494840104430 4.932424148660940 0.822070691443490
1 76 4.932424148660940 5.754494840104430 0.822070691443490
1 77 6.576565531547920 4.932424148660940 0.000000000000000
1 78 7.398636222991410 5.754494840104430 0.000000000000000
1 79 7.398636222991410 4.932424148660940 0.822070691443490
1 80 6.576565531547920 5.754494840104430 0.822070691443490
1 81 0.000000000000000 6.576565531547920 0.000000000000000
1 82 0.822070691443490 7.398636222991410 0.000000000000000
1 83 0.822070691443490 6.576565531547920 0.822070691443490
1 84 0.000000000000000 7.398636222991410 0.822070691443490
1 85 1.644141382886980 6.576565531547920 0.000000000000000
1 86 2.466212074330470 7.398636222991410 0.000000000000000
1 87 2.466212074330470 6.576565531547920 0.822070691443490
1 88 1.644141382886980 7.398636222991410 0.822070691443490
1 89 3.288282765773960 6.576565531547920 0.000000000000000
1 90 4.110353457217450 7.398636222991410 0.000000000000000
1 91 4.110353457217450 6.576565531547920 0.822070691443490
1 92 3.288282765773960 7.398636222991410 0.822070691443490
1 93 4.932424148660940 6.576565531547920 0.000000000000000
1 94 5.754494840104430 7.398636222991410 0.000000000000000
1 95 5.754494840104430 6.576565531547920 0.822070691443490
1 96 4.932424148660940 7.398636222991410 0.822070691443490
1 97 6.576565531547920 6.576565531547920 0.000000000000000
1 98 7.398636222991410 7.398636222991410 0.000000000000000
1 99 7.398636222991410 6.576565531547920 0.822070691443490
1 100 6.576565531547920 7.398636222991410 0.822070691443490
1 101 0.000000000000000 0.000000000000000 1.644141382886980
1 102 0.822070691443490 0.822070691443490 1.644141382886980
1 103 0.822070691443490 0.000000000000000 2.466212074330470
1 104 0.000000000000000 0.822070691443490 2.466212074330470
1 105 1.644141382886980 0.000000000000000 1.644141382886980
1 106 2.466212074330470 0.822070691443490 1.644141382886980
1 107 2.466212074330470 0.000000000000000 2.466212074330470
1 108 1.644141382886980 0.822070691443490 2.466212074330470
1 109 3.288282765773960 0.000000000000000 1.644141382886980
1 110 4.110353457217450 0.822070691443490 1.644141382886980
1 111 4.110353457217450 0.000000000000000 2.466212074330470
1 112 3.288282765773960 0.822070691443490 2.466212074330470
1 113 4.932424148660940 0.000000000000000 1.644141382886980
1 114 5.754494840104430 0.822070691443490 1.644141382886980
1 115 5.754494840104430 0.000000000000000 2.466212074330470
1 116 4.932424148660940 0.822070691443490 2.466212074330470
1 117 6.576565531547920 0.000000000000000 1.644141382886980
1 118 7.398636222991410 0.822070691443490 1.644141382886980
1 119 7.398636222991410 0.000000000000000 2.466212074330470
1 120 6.576565531547920 0.822070691443490 2.466212074330470
1 121 0.000000000000000 1.644141382886980 1.644141382886980
1 122 0.822070691443490 2.466212074330470 1.644141382886980
1 123 0.822070691443490 1.644141382886980 2.466212074330470
1 124 0.000000000000000 2.466212074330470 2.466212074330470
1 125 1.644141382886980 1.644141382886980 1.644141382886980
1 126 2.466212074330470 2.466212074330470 1.644141382886980
1 127 2.466212074330470 1.644141382886980 2.466212074330470
1 128 1.644141382886980 2.466212074330470 2.466212074330470
1 129 3.288282765773960 1.644141382886980 1.644141382886980
1 130 4.110353457217450 2.466212074330470 1.644141382886980
1 131 4.110353457217450 1.644141382886980 2.466212074330470
1 132 3.288282765773960 2.466212074330470 2.466212074330470
1 133 4.932424148660940 1.644141382886980 1.644141382886980
1 134 5.754494840104430 2.466212074330470 1.644141382886980
1 135 5.754494840104430 1.644141382886980 2.466212074330470
1 136 4.932424148660940 2.466212074330470 2.466212074330470
1 137 6.576565531547920 1.644141382886980 1.644141382886980
1 138 7.398636222991410 2.466212074330470 1.644141382886980
1 139 7.398636222991410 1.644141382886980 2.466212074330470
1 140 6.576565531547920 2.466212074330470 2.466212074330470
1 141 0.000000000000000 3.288282765773960 1.644141382886980
1 142 0.822070691443490 4.110353457217450 1.644141382886980
1 143 0.822070691443490 3.288282765773960 2.466212074330470
1 144 0.000000000000000 4.110353457217450 2.466212074330470
1 145 1.644141382886980 3.288282765773960 1.644141382886980
1 146 2.466212074330470 4.110353457217450 1.644141382886980
1 147 2.466212074330470 3.288282765773960 2.466212074330470
1 148 1.644141382886980 4.110353457217450 2.466212074330470
1 149 3.288282765773960 3.288282765773960 1.644141382886980
1 150 4.110353457217450 4.110353457217450 1.644141382886980
1 151 4.110353457217450 3.288282765773960 2.466212074330470
1 152 3.288282765773960 4.110353457217450 2.466212074330470
1 153 4.932424148660940 3.288282765773960 1.644141382886980
1 154 5.754494840104430 4.110353457217450 1.644141382886980
1 155 5.754494840104430 3.288282765773960 2.466212074330470
1 156 4.932424148660940 4.110353457217450 2.466212074330470
1 157 6.576565531547920 3.288282765773960 1.644141382886980
1 158 7.398636222991410 4.110353457217450 1.644141382886980
1 159 7.398636222991410 3.288282765773960 2.466212074330470
1 160 6.576565531547920 4.110353457217450 2.466212074330470
1 161 0.000000000000000 4.932424148660940 1.644141382886980
1 162 0.822070691443490 5.754494840104430 1.644141382886980
1 163 0.822070691443490 4.932424148660940 2.466212074330470
1 164 0.000000000000000 5.754494840104430 2.466212074330470
1 165 1.644141382886980 4.932424148660940 1.644141382886980
1 166 2.466212074330470 5.754494840104430 1.644141382886980
1 167 2.466212074330470 4.932424148660940 2.466212074330470
1 168 1.644141382886980 5.754494840104430 2.466212074330470
1 169 3.288282765773960 4.932424148660940 1.644141382886980
1 170 4.110353457217450 5.754494840104430 1.644141382886980
1 171 4.110353457217450 4.932424148660940 2.466212074330470
1 172 3.288282765773960 5.754494840104430 2.466212074330470
1 173 4.932424148660940 4.932424148660940 1.644141382886980
1 174 5.754494840104430 5.754494840104430 1.644141382886980
1 175 5.754494840104430 4.932424148660940 2.466212074330470
1 176 4.932424148660940 5.754494840104430 2.466212074330470
1 177 6.576565531547920 4.932424148660940 1.644141382886980
1 178 7.398636222991410 5.754494840104430 1.644141382886980
1 179 7.398636222991410 4.932424148660940 2.466212074330470
1 180 6.576565531547920 5.754494840104430 2.466212074330470
1 181 0.000000000000000 6.576565531547920 1.644141382886980
1 182 0.822070691443490 7.398636222991410 1.644141382886980
1 183 0.822070691443490 6.576565531547920 2.466212074330470
1 184 0.000000000000000 7.398636222991410 2.466212074330470
1 185 1.644141382886980 6.576565531547920 1.644141382886980
1 186 2.466212074330470 7.398636222991410 1.644141382886980
1 187 2.466212074330470 6.576565531547920 2.466212074330470
1 188 1.644141382886980 7.398636222991410 2.466212074330470
1 189 3.288282765773960 6.576565531547920 1.644141382886980
1 190 4.110353457217450 7.398636222991410 1.644141382886980
1 191 4.110353457217450 6.576565531547920 2.466212074330470
1 192 3.288282765773960 7.398636222991410 2.466212074330470
1 193 4.932424148660940 6.576565531547920 1.644141382886980
1 194 5.754494840104430 7.398636222991410 1.644141382886980
1 195 5.754494840104430 6.576565531547920 2.466212074330470
1 196 4.932424148660940 7.398636222991410 2.466212074330470
1 197 6.576565531547920 6.576565531547920 1.644141382886980
1 198 7.398636222991410 7.398636222991410 1.644141382886980
1 199 7.398636222991410 6.576565531547920 2.466212074330470
1 200 6.576565531547920 7.398636222991410 2.466212074330470
1 201 0.000000000000000 0.000000000000000 3.288282765773960
1 202 0.822070691443490 0.822070691443490 3.288282765773960
1 203 0.822070691443490 0.000000000000000 4.110353457217450
1 204 0.000000000000000 0.822070691443490 4.110353457217450
1 205 1.644141382886980 0.000000000000000 3.288282765773960
1 206 2.466212074330470 0.822070691443490 3.288282765773960
1 207 2.466212074330470 0.000000000000000 4.110353457217450
1 208 1.644141382886980 0.822070691443490 4.110353457217450
1 209 3.288282765773960 0.000000000000000 3.288282765773960
1 210 4.110353457217450 0.822070691443490 3.288282765773960
1 211 4.110353457217450 0.000000000000000 4.110353457217450
1 212 3.288282765773960 0.822070691443490 4.110353457217450
1 213 4.932424148660940 0.000000000000000 3.288282765773960
1 214 5.754494840104430 0.822070691443490 3.288282765773960
1 215 5.754494840104430 0.000000000000000 4.110353457217450
1 216 4.932424148660940 0.822070691443490 4.110353457217450
1 217 6.576565531547920 0.000000000000000 3.288282765773960
1 218 7.398636222991410 0.822070691443490 3.288282765773960
1 219 7.398636222991410 0.000000000000000 4.110353457217450
1 220 6.576565531547920 0.822070691443490 4.110353457217450
1 221 0.000000000000000 1.644141382886980 3.288282765773960
1 222 0.822070691443490 2.466212074330470 3.288282765773960
1 223 0.822070691443490 1.644141382886980 4.110353457217450
1 224 0.000000000000000 2.466212074330470 4.110353457217450
1 225 1.644141382886980 1.644141382886980 3.288282765773960
1 226 2.466212074330470 2.466212074330470 3.288282765773960
1 227 2.466212074330470 1.644141382886980 4.110353457217450
1 228 1.644141382886980 2.466212074330470 4.110353457217450
1 229 3.288282765773960 1.644141382886980 3.288282765773960
1 230 4.110353457217450 2.466212074330470 3.288282765773960
1 231 4.110353457217450 1.644141382886980 4.110353457217450
1 232 3.288282765773960 2.466212074330470 4.110353457217450
1 233 4.932424148660940 1.644141382886980 3.288282765773960
1 234 5.754494840104430 2.466212074330470 3.288282765773960
1 235 5.754494840104430 1.644141382886980 4.110353457217450
1 236 4.932424148660940 2.466212074330470 4.110353457217450
1 237 6.576565531547920 1.644141382886980 3.288282765773960
1 238 7.398636222991410 2.466212074330470 3.288282765773960
1 239 7.398636222991410 1.644141382886980 4.110353457217450
1 240 6.576565531547920 2.466212074330470 4.110353457217450
1 241 0.000000000000000 3.288282765773960 3.288282765773960
1 242 0.822070691443490 4.110353457217450 3.288282765773960
1 243 0.822070691443490 3.288282765773960 4.110353457217450
1 244 0.000000000000000 4.110353457217450 4.110353457217450
1 245 1.644141382886980 3.288282765773960 3.288282765773960
1 246 2.466212074330470 4.110353457217450 3.288282765773960
1 247 2.466212074330470 3.288282765773960 4.110353457217450
1 248 1.644141382886980 4.110353457217450 4.110353457217450
1 249 3.288282765773960 3.288282765773960 3.288282765773960
1 250 4.110353457217450 4.110353457217450 3.288282765773960
1 251 4.110353457217450 3.288282765773960 4.110353457217450
1 252 3.288282765773960 4.110353457217450 4.110353457217450
1 253 4.932424148660940 3.288282765773960 3.288282765773960
1 254 5.754494840104430 4.110353457217450 3.288282765773960
1 255 5.754494840104430 3.288282765773960 4.110353457217450
1 256 4.932424148660940 4.110353457217450 4.110353457217450
1 257 6.576565531547920 3.288282765773960 3.288282765773960
1 258 7.398636222991410 4.110353457217450 3.288282765773960
1 259 7.398636222991410 3.288282765773960 4.110353457217450
1 260 6.576565531547920 4.110353457217450 4.110353457217450
1 261 0.000000000000000 4.932424148660940 3.288282765773960
1 262 0.822070691443490 5.754494840104430 3.288282765773960
1 263 0.822070691443490 4.932424148660940 4.110353457217450
1 264 0.000000000000000 5.754494840104430 4.110353457217450
1 265 1.644141382886980 4.932424148660940 3.288282765773960
1 266 2.466212074330470 5.754494840104430 3.288282765773960
1 267 2.466212074330470 4.932424148660940 4.110353457217450
1 268 1.644141382886980 5.754494840104430 4.110353457217450
1 269 3.288282765773960 4.932424148660940 3.288282765773960
1 270 4.110353457217450 5.754494840104430 3.288282765773960
1 271 4.110353457217450 4.932424148660940 4.110353457217450
1 272 3.288282765773960 5.754494840104430 4.110353457217450
1 273 4.932424148660940 4.932424148660940 3.288282765773960
1 274 5.754494840104430 5.754494840104430 3.288282765773960
1 275 5.754494840104430 4.932424148660940 4.110353457217450
1 276 4.932424148660940 5.754494840104430 4.110353457217450
1 277 6.576565531547920 4.932424148660940 3.288282765773960
1 278 7.398636222991410 5.754494840104430 3.288282765773960
1 279 7.398636222991410 4.932424148660940 4.110353457217450
1 280 6.576565531547920 5.754494840104430 4.110353457217450
1 281 0.000000000000000 6.576565531547920 3.288282765773960
1 282 0.822070691443490 7.398636222991410 3.288282765773960
1 283 0.822070691443490 6.576565531547920 4.110353457217450
1 284 0.000000000000000 7.398636222991410 4.110353457217450
1 285 1.644141382886980 6.576565531547920 3.288282765773960
1 286 2.466212074330470 7.398636222991410 3.288282765773960
1 287 2.466212074330470 6.576565531547920 4.110353457217450
1 288 1.644141382886980 7.398636222991410 4.110353457217450
1 289 3.288282765773960 6.576565531547920 3.288282765773960
1 290 4.110353457217450 7.398636222991410 3.288282765773960
1 291 4.110353457217450 6.576565531547920 4.110353457217450
1 292 3.288282765773960 7.398636222991410 4.110353457217450
1 293 4.932424148660940 6.576565531547920 3.288282765773960
1 294 5.754494840104430 7.398636222991410 3.288282765773960
1 295 5.754494840104430 6.576565531547920 4.110353457217450
1 296 4.932424148660940 7.398636222991410 4.110353457217450
1 297 6.576565531547920 6.576565531547920 3.288282765773960
1 298 7.398636222991410 7.398636222991410 3.288282765773960
1 299 7.398636222991410 6.576565531547920 4.110353457217450
1 300 6.576565531547920 7.398636222991410 4.110353457217450
1 301 0.000000000000000 0.000000000000000 4.932424148660940
1 302 0.822070691443490 0.822070691443490 4.932424148660940
1 303 0.822070691443490 0.000000000000000 5.754494840104430
1 304 0.000000000000000 0.822070691443490 5.754494840104430
1 305 1.644141382886980 0.000000000000000 4.932424148660940
1 306 2.466212074330470 0.822070691443490 4.932424148660940
1 307 2.466212074330470 0.000000000000000 5.754494840104430
1 308 1.644141382886980 0.822070691443490 5.754494840104430
1 309 3.288282765773960 0.000000000000000 4.932424148660940
1 310 4.110353457217450 0.822070691443490 4.932424148660940
1 311 4.110353457217450 0.000000000000000 5.754494840104430
1 312 3.288282765773960 0.822070691443490 5.754494840104430
1 313 4.932424148660940 0.000000000000000 4.932424148660940
1 314 5.754494840104430 0.822070691443490 4.932424148660940
1 315 5.754494840104430 0.000000000000000 5.754494840104430
1 316 4.932424148660940 0.822070691443490 5.754494840104430
1 317 6.576565531547920 0.000000000000000 4.932424148660940
1 318 7.398636222991410 0.822070691443490 4.932424148660940
1 319 7.398636222991410 0.000000000000000 5.754494840104430
1 320 6.576565531547920 0.822070691443490 5.754494840104430
1 321 0.000000000000000 1.644141382886980 4.932424148660940
1 322 0.822070691443490 2.466212074330470 4.932424148660940
1 323 0.822070691443490 1.644141382886980 5.754494840104430
1 324 0.000000000000000 2.466212074330470 5.754494840104430
1 325 1.644141382886980 1.644141382886980 4.932424148660940
1 326 2.466212074330470 2.466212074330470 4.932424148660940
1 327 2.466212074330470 1.644141382886980 5.754494840104430
1 328 1.644141382886980 2.466212074330470 5.754494840104430
1 329 3.288282765773960 1.644141382886980 4.932424148660940
1 330 4.110353457217450 2.466212074330470 4.932424148660940
1 331 4.110353457217450 1.644141382886980 5.754494840104430
1 332 3.288282765773960 2.466212074330470 5.754494840104430
1 333 4.932424148660940 1.644141382886980 4.932424148660940
1 334 5.754494840104430 2.466212074330470 4.932424148660940
1 335 5.754494840104430 1.644141382886980 5.754494840104430
1 336 4.932424148660940 2.466212074330470 5.754494840104430
1 337 6.576565531547920 1.644141382886980 4.932424148660940
1 338 7.398636222991410 2.466212074330470 4.932424148660940
1 339 7.398636222991410 1.644141382886980 5.754494840104430
1 340 6.576565531547920 2.466212074330470 5.754494840104430
1 341 0.000000000000000 3.288282765773960 4.932424148660940
1 342 0.822070691443490 4.110353457217450 4.932424148660940
1 343 0.822070691443490 3.288282765773960 5.754494840104430
1 344 0.000000000000000 4.110353457217450 5.754494840104430
1 345 1.644141382886980 3.288282765773960 4.932424148660940
1 346 2.466212074330470 4.110353457217450 4.932424148660940
1 347 2.466212074330470 3.288282765773960 5.754494840104430
1 348 1.644141382886980 4.110353457217450 5.754494840104430
1 349 3.288282765773960 3.288282765773960 4.932424148660940
1 350 4.110353457217450 4.110353457217450 4.932424148660940
1 351 4.110353457217450 3.288282765773960 5.754494840104430
1 352 3.288282765773960 4.110353457217450 5.754494840104430
1 353 4.932424148660940 3.288282765773960 4.932424148660940
1 354 5.754494840104430 4.110353457217450 4.932424148660940
1 355 5.754494840104430 3.288282765773960 5.754494840104430
1 356 4.932424148660940 4.110353457217450 5.754494840104430
1 357 6.576565531547920 3.288282765773960 4.932424148660940
1 358 7.398636222991410 4.110353457217450 4.932424148660940
1 359 7.398636222991410 3.288282765773960 5.754494840104430
1 360 6.576565531547920 4.110353457217450 5.754494840104430
1 361 0.000000000000000 4.932424148660940 4.932424148660940
1 362 0.822070691443490 5.754494840104430 4.932424148660940
1 363 0.822070691443490 4.932424148660940 5.754494840104430
1 364 0.000000000000000 5.754494840104430 5.754494840104430
1 365 1.644141382886980 4.932424148660940 4.932424148660940
1 366 2.466212074330470 5.754494840104430 4.932424148660940
1 367 2.466212074330470 4.932424148660940 5.754494840104430
1 368 1.644141382886980 5.754494840104430 5.754494840104430
1 369 3.288282765773960 4.932424148660940 4.932424148660940
1 370 4.110353457217450 5.754494840104430 4.932424148660940
1 371 4.110353457217450 4.932424148660940 5.754494840104430
1 372 3.288282765773960 5.754494840104430 5.754494840104430
1 373 4.932424148660940 4.932424148660940 4.932424148660940
1 374 5.754494840104430 5.754494840104430 4.932424148660940
1 375 5.754494840104430 4.932424148660940 5.754494840104430
1 376 4.932424148660940 5.754494840104430 5.754494840104430
1 377 6.576565531547920 4.932424148660940 4.932424148660940
1 378 7.398636222991410 5.754494840104430 4.932424148660940
1 379 7.398636222991410 4.932424148660940 5.754494840104430
1 380 6.576565531547920 5.754494840104430 5.754494840104430
1 381 0.000000000000000 6.576565531547920 4.932424148660940
1 382 0.822070691443490 7.398636222991410 4.932424148660940
1 383 0.822070691443490 6.576565531547920 5.754494840104430
1 384 0.000000000000000 7.398636222991410 5.754494840104430
1 385 1.644141382886980 6.576565531547920 4.932424148660940
1 386 2.466212074330470 7.398636222991410 4.932424148660940
1 387 2.466212074330470 6.576565531547920 5.754494840104430
1 388 1.644141382886980 7.398636222991410 5.754494840104430
1 389 3.288282765773960 6.576565531547920 4.932424148660940
1 390 4.110353457217450 7.398636222991410 4.932424148660940
1 391 4.110353457217450 6.576565531547920 5.754494840104430
1 392 3.288282765773960 7.398636222991410 5.754494840104430
1 393 4.932424148660940 6.576565531547920 4.932424148660940
1 394 5.754494840104430 7.398636222991410 4.932424148660940
1 395 5.754494840104430 6.576565531547920 5.754494840104430
1 396 4.932424148660940 7.398636222991410 5.754494840104430
1 397 6.576565531547920 6.576565531547920 4.932424148660940
1 398 7.398636222991410 7.398636222991410 4.932424148660940
1 399 7.398636222991410 6.576565531547920 5.754494840104430
1 400 6.576565531547920 7.398636222991410 5.754494840104430
1 401 0.000000000000000 0.000000000000000 6.576565531547920
1 402 0.822070691443490 0.822070691443490 6.576565531547920
1 403 0.822070691443490 0.000000000000000 7.398636222991410
1 404 0.000000000000000 0.822070691443490 7.398636222991410
1 405 1.644141382886980 0.000000000000000 6.576565531547920
1 406 2.466212074330470 0.822070691443490 6.576565531547920
1 407 2.466212074330470 0.000000000000000 7.398636222991410
1 408 1.644141382886980 0.822070691443490 7.398636222991410
1 409 3.288282765773960 0.000000000000000 6.576565531547920
1 410 4.110353457217450 0.822070691443490 6.576565531547920
1 411 4.110353457217450 0.000000000000000 7.398636222991410
1 412 3.288282765773960 0.822070691443490 7.398636222991410
1 413 4.932424148660940 0.000000000000000 6.576565531547920
1 414 5.754494840104430 0.822070691443490 6.576565531547920
1 415 5.754494840104430 0.000000000000000 7.398636222991410
1 416 4.932424148660940 0.822070691443490 7.398636222991410
1 417 6.576565531547920 0.000000000000000 6.576565531547920
1 418 7.398636222991410 0.822070691443490 6.576565531547920
1 419 7.398636222991410 0.000000000000000 7.398636222991410
1 420 6.576565531547920 0.822070691443490 7.398636222991410
1 421 0.000000000000000 1.644141382886980 6.576565531547920
1 422 0.822070691443490 2.466212074330470 6.576565531547920
1 423 0.822070691443490 1.644141382886980 7.398636222991410
1 424 0.000000000000000 2.466212074330470 7.398636222991410
1 425 1.644141382886980 1.644141382886980 6.576565531547920
1 426 2.466212074330470 2.466212074330470 6.576565531547920
1 427 2.466212074330470 1.644141382886980 7.398636222991410
1 428 1.644141382886980 2.466212074330470 7.398636222991410
1 429 3.288282765773960 1.644141382886980 6.576565531547920
1 430 4.110353457217450 2.466212074330470 6.576565531547920
1 431 4.110353457217450 1.644141382886980 7.398636222991410
1 432 3.288282765773960 2.466212074330470 7.398636222991410
1 433 4.932424148660940 1.644141382886980 6.576565531547920
1 434 5.754494840104430 2.466212074330470 6.576565531547920
1 435 5.754494840104430 1.644141382886980 7.398636222991410
1 436 4.932424148660940 2.466212074330470 7.398636222991410
1 437 6.576565531547920 1.644141382886980 6.576565531547920
1 438 7.398636222991410 2.466212074330470 6.576565531547920
1 439 7.398636222991410 1.644141382886980 7.398636222991410
1 440 6.576565531547920 2.466212074330470 7.398636222991410
1 441 0.000000000000000 3.288282765773960 6.576565531547920
1 442 0.822070691443490 4.110353457217450 6.576565531547920
1 443 0.822070691443490 3.288282765773960 7.398636222991410
1 444 0.000000000000000 4.110353457217450 7.398636222991410
1 445 1.644141382886980 3.288282765773960 6.576565531547920
1 446 2.466212074330470 4.110353457217450 6.576565531547920
1 447 2.466212074330470 3.288282765773960 7.398636222991410
1 448 1.644141382886980 4.110353457217450 7.398636222991410
1 449 3.288282765773960 3.288282765773960 6.576565531547920
1 450 4.110353457217450 4.110353457217450 6.576565531547920
1 451 4.110353457217450 3.288282765773960 7.398636222991410
1 452 3.288282765773960 4.110353457217450 7.398636222991410
1 453 4.932424148660940 3.288282765773960 6.576565531547920
1 454 5.754494840104430 4.110353457217450 6.576565531547920
1 455 5.754494840104430 3.288282765773960 7.398636222991410
1 456 4.932424148660940 4.110353457217450 7.398636222991410
1 457 6.576565531547920 3.288282765773960 6.576565531547920
1 458 7.398636222991410 4.110353457217450 6.576565531547920
1 459 7.398636222991410 3.288282765773960 7.398636222991410
1 460 6.576565531547920 4.110353457217450 7.398636222991410
1 461 0.000000000000000 4.932424148660940 6.576565531547920
1 462 0.822070691443490 5.754494840104430 6.576565531547920
1 463 0.822070691443490 4.932424148660940 7.398636222991410
1 464 0.000000000000000 5.754494840104430 7.398636222991410
1 465 1.644141382886980 4.932424148660940 6.576565531547920
1 466 2.466212074330470 5.754494840104430 6.576565531547920
1 467 2.466212074330470 4.932424148660940 7.398636222991410
1 468 1.644141382886980 5.754494840104430 7.398636222991410
1 469 3.288282765773960 4.932424148660940 6.576565531547920
1 470 4.110353457217450 5.754494840104430 6.576565531547920
1 471 4.110353457217450 4.932424148660940 7.398636222991410
1 472 3.288282765773960 5.754494840104430 7.398636222991410
1 473 4.932424148660940 4.932424148660940 6.576565531547920
1 474 5.754494840104430 5.754494840104430 6.576565531547920
1 475 5.754494840104430 4.932424148660940 7.398636222991410
1 476 4.932424148660940 5.754494840104430 7.398636222991410
1 477 6.576565531547920 4.932424148660940 6.576565531547920
1 478 7.398636222991410 5.754494840104430 6.576565531547920
1 479 7.398636222991410 4.932424148660940 7.398636222991410
1 480 6.576565531547920 5.754494840104430 7.398636222991410
1 481 0.000000000000000 6.576565531547920 6.576565531547920
1 482 0.822070691443490 7.398636222991410 6.576565531547920
1 483 0.822070691443490 6.576565531547920 7.398636222991410
1 484 0.000000000000000 7.398636222991410 7.398636222991410
1 485 1.644141382886980 6.576565531547920 6.576565531547920
1 486 2.466212074330470 7.398636222991410 6.576565531547920
1 487 2.466212074330470 6.576565531547920 7.398636222991410
1 488 1.644141382886980 7.398636222991410 7.398636222991410
1 489 3.288282765773960 6.576565531547920 6.576565531547920
1 490 4.110353457217450 7.398636222991410 6.576565531547920
1 491 4.110353457217450 6.576565531547920 7.398636222991410
1 492 3.288282765773960 7.398636222991410 7.398636222991410
1 493 4.932424148660940 6.576565531547920 6.576565531547920
1 494 5.754494840104430 7.398636222991410 6.576565531547920
1 495 5.754494840104430 6.576565531547920 7.398636222991410
1 496 4.932424148660940 7.398636222991410 7.398636222991410
1 497 6.576565531547920 6.576565531547920 6.576565531547920
1 498 7.398636222991410 7.398636222991410 6.576565531547920
1 499 7.398636222991410 6.576565531547920 7.398636222991410
1 500 6.576565531547920 7.398636222991410 7.398636222991410
