500 1
10.000000000000000 10.000000000000000 10.000000000000000 0.000000 0.000000 0.000000
1 1 0.000000000000000 0.000000000000000 0.000000000000000
1 2 1.000000000000000 1.000000000000000 0.000000000000000
1 3 1.000000000000000 0.000000000000000 1.000000000000000
1 4 0.000000000000000 1.000000000000000 1.000000000000000
1 5 2.000000000000000 0.000000000000000 0.000000000000000
1 6 3.000000000000000 1.000000000000000 0.000000000000000
1 7 3.000000000000000 0.000000000000000 1.000000000000000
1 8 2.000000000000000 1.000000000000000 1.000000000000000
1 9 4.000000000000000 0.000000000000000 0.000000000000000
1 10 4.000000000000000 1.000000000000000 1.000000000000000
1 11 5.000000000000000 1.000000000000000 0.000000000000000
1 12 5.000000000000000 0.000000000000000 1.000000000000000
1 13 6.000000000000000 0.000000000000000 0.000000000000000
1 14 6.000000000000000 1.000000000000000 1.000000000000000
1 15 7.000000000000000 1.000000000000000 0.000000000000000
1 16 7.000000000000000 0.000000000000000 1.000000000000000
1 17 8.000000000000000 0.000000000000000 0.000000000000000
1 18 8.000000000000000 1.000000000000000 1.000000000000000
1 19 9.000000000000000 1.000000000000000 0.000000000000000
1 20 9.000000000000000 0.000000000000000 1.000000000000000
1 21 0.000000000000000 2.000000000000000 0.000000000000000
1 22 1.000000000000000 3.000000000000000 0.000000000000000
1 23 1.000000000000000 2.000000000000000 1.000000000000000
1 24 0.000000000000000 3.000000000000000 1.000000000000000
1 25 2.000000000000000 2.000000000000000 0.000000000000000
1 26 3.000000000000000 3.000000000000000 0.000000000000000
1 27 3.000000000000000 2.000000000000000 1.000000000000000
1 28 2.000000000000000 3.000000000000000 1.000000000000000
1 29 4.000000000000000 2.000000000000000 0.000000000000000
1 30 4.000000000000000 3.000000000000000 1.000000000000000
1 31 5.000000000000000 3.000000000000000 0.000000000000000
1 32 5.000000000000000 2.000000000000000 1.000000000000000
1 33 6.000000000000000 2.000000000000000 0.000000000000000
1 34 6.000000000000000 3.000000000000000 1.000000000000000
1 35 7.000000000000000 3.000000000000000 0.000000000000000
1 36 7.000000000000000 2.000000000000000 1.000000000000000
1 37 8.000000000000000 2.000000000000000 0.000000000000000
1 38 8.000000000000000 3.000000000000000 1.000000000000000
1 39 9.000000000000000 3.000000000000000 0.000000000000000
1 40 9.000000000000000 2.000000000000000 1.000000000000000
1 41 0.000000000000000 4.000000000000000 0.000000000000000
1 42 1.000000000000000 4.000000000000000 1.000000000000000
1 43 2.000000000000000 4.000000000000000 0.000000000000000
1 44 3.000000000000000 4.000000000000000 1.000000000000000
1 45 4.000000000000000 4.000000000000000 0.000000000000000
1 46 5.000000000000000 4.000000000000000 1.000000000000000
1 47 6.000000000000000 4.000000000000000 0.000000000000000
1 48 7.000000000000000 4.000000000000000 1.000000000000000
1 49 8.000000000000000 4.000000000000000 0.000000000000000
1 50 9.000000000000000 4.000000000000000 1.000000000000000
1 51 1.000000000000000 5.000000000000000 0.000000000000000
1 52 0.000000000000000 5.000000000000000 1.000000000000000
1 53 0.000000000000000 6.000000000000000 0.000000000000000
1 54 1.000000000000000 6.000000000000000 1.000000000000000
1 55 3.000000000000000 5.000000000000000 0.000000000000000
1 56 2.000000000000000 5.000000000000000 1.000000000000000
1 57 2.000000000000000 6.000000000000000 0.000000000000000
1 58 3.000000000000000 6.000000000000000 1.000000000000000
1 59 4.000000000000000 5.000000000000000 1.000000000000000
1 60 4.000000000000000 6.000000000000000 0.000000000000000
1 61 5.000000000000000 5.000000000000000 0.000000000000000
1 62 6.000000000000000 5.000000000000000 1.000000000000000
1 63 5.000000000000000 6.000000000000000 1.000000000000000
1 64 6.000000000000000 6.000000000000000 0.000000000000000
1 65 7.000000000000000 5.000000000000000 0.000000000000000
1 66 8.000000000000000 5.000000000000000 1.000000000000000
1 67 7.000000000000000 6.000000000000000 1.000000000000000
1 68 8.000000000000000 6.000000000000000 0.000000000000000
1 69 9.000000000000000 5.000000000000000 0.000000000000000
1 70 9.000000000000000 6.000000000000000 1.000000000000000
1 71 1.000000000000000 7.000000000000000 0.000000000000000
1 72 0.000000000000000 7.000000000000000 1.000000000000000
1 73 0.000000000000000 8.000000000000000 0.000000000000000
1 74 1.000000000000000 8.000000000000000 1.000000000000000
1 75 3.000000000000000 7.000000000000000 0.000000000000000
1 76 2.000000000000000 7.000000000000000 1.000000000000000
1 77 2.000000000000000 8.000000000000000 0.000000000000000
1 78 3.000000000000000 8.000000000000000 1.000000000000000
1 79 4.000000000000000 7.000000000000000 1.000000000000000
1 80 4.000000000000000 8.000000000000000 0.000000000000000
1 81 5.000000000000000 7.000000000000000 0.000000000000000
1 82 6.000000000000000 7.000000000000000 1.000000000000000
1 83 5.000000000000000 8.000000000000000 1.000000000000000
1 84 6.000000000000000 8.000000000000000 0.000000000000000
1 85 7.000000000000000 7.000000000000000 0.000000000000000
1 86 8.000000000000000 7.000000000000000 1.000000000000000
1 87 7.000000000000000 8.000000000000000 1.000000000000000
1 88 8.000000000000000 8.000000000000000 0.000000000000000
1 89 9.000000000000000 7.000000000000000 0.000000000000000
1 90 9.000000000000000 8.000000000000000 1.000000000000000
1 91 1.000000000000000 9.000000000000000 0.000000000000000
1 92 0.000000000000000 9.000000000000000 1.000000000000000
1 93 3.000000000000000 9.000000000000000 0.000000000000000
1 94 2.000000000000000 9.000000000000000 1.000000000000000
1 95 4.000000000000000 9.000000000000000 1.000000000000000
1 96 5.000000000000000 9.000000000000000 0.000000000000000
1 97 6.000000000000000 9.000000000000000 1.000000000000000
1 98 7.000000000000000 9.000000000000000 0.000000000000000
1 99 8.000000000000000 9.000000000000000 1.000000000000000
1 100 9.000000000000000 9.000000000000000 0.000000000000000
1 101 0.000000000000000 0.000000000000000 2.000000000000000
1 102 1.000000000000000 1.000000000000000 2.000000000000000
1 103 1.000000000000000 0.000000000000000 3.000000000000000
1 104 0.000000000000000 1.000000000000000 3.000000000000000
1 105 2.000000000000000 0.000000000000000 2.000000000000000
1 106 3.000000000000000 1.000000000000000 2.000000000000000
1 107 3.000000000000000 0.000000000000000 3.000000000000000
1 108 2.000000000000000 1.000000000000000 3.000000000000000
1 109 4.000000000000000 0.000000000000000 2.000000000000000
1 110 4.000000000000000 1.000000000000000 3.000000000000000
1 111 5.000000000000000 1.000000000000000 2.000000000000000
1 112 5.000000000000000 0.000000000000000 3.000000000000000
1 113 6.000000000000000 0.000000000000000 2.000000000000000
1 114 6.000000000000000 1.000000000000000 3.000000000000000
1 115 7.000000000000000 1.000000000000000 2.000000000000000
1 116 7.000000000000000 0.000000000000000 3.000000000000000
1 117 8.000000000000000 0.000000000000000 2.000000000000000
1 118 8.000000000000000 1.000000000000000 3.000000000000000
1 119 9.000000000000000 1.000000000000000 2.000000000000000
1 120 9.000000000000000 0.000000000000000 3.000000000000000
1 121 0.000000000000000 2.000000000000000 2.000000000000000
1 122 1.000000000000000 3.000000000000000 2.000000000000000
1 123 1.000000000000000 2.000000000000000 3.000000000000000
1 124 0.000000000000000 3.000000000000000 3.000000000000000
1 125 2.000000000000000 2.000000000000000 2.000000000000000
1 126 3.000000000000000 3.000000000000000 2.000000000000000
1 127 3.000000000000000 2.000000000000000 3.000000000000000
1 128 2.000000000000000 3.000000000000000 3.000000000000000
1 129 4.000000000000000 2.000000000000000 2.000000000000000
1 130 4.000000000000000 3.000000000000000 3.000000000000000
1 131 5.000000000000000 3.000000000000000 2.000000000000000
1 132 5.000000000000000 2.000000000000000 3.000000000000000
1 133 6.000000000000000 2.000000000000000 2.000000000000000
1 134 6.000000000000000 3.000000000000000 3.000000000000000
1 135 7.000000000000000 3.000000000000000 2.000000000000000
1 136 7.000000000000000 2.000000000000000 3.000000000000000
1 137 8.000000000000000 2.000000000000000 2.000000000000000
1 138 8.000000000000000 3.000000000000000 3.000000000000000
1 139 9.000000000000000 3.000000000000000 2.000000000000000
1 140 9.000000000000000 2.000000000000000 3.000000000000000
1 141 0.000000000000000 4.000000000000000 2.000000000000000
1 142 1.000000000000000 4.000000000000000 3.000000000000000
1 143 2.000000000000000 4.000000000000000 2.000000000000000
1 144 3.000000000000000 4.000000000000000 3.000000000000000
1 145 4.000000000000000 4.000000000000000 2.000000000000000
1 146 5.000000000000000 4.000000000000000 3.000000000000000
1 147 6.000000000000000 4.000000000000000 2.000000000000000
1 148 7.000000000000000 4.000000000000000 3.000000000000000
1 149 8.000000000000000 4.000000000000000 2.000000000000000
1 150 9.000000000000000 4.000000000000000 3.000000000000000
1 151 1.000000000000000 5.000000000000000 2.000000000000000
1 152 0.000000000000000 5.000000000000000 3.000000000000000
1 153 0.000000000000000 6.000000000000000 2.000000000000000
1 154 1.000000000000000 6.000000000000000 3.000000000000000
1 155 3.000000000000000 5.000000000000000 2.000000000000000
1 156 2.000000000000000 5.000000000000000 3.000000000000000
1 157 2.000000000000000 6.000000000000000 2.000000000000000
1 158 3.000000000000000 6.000000000000000 3.000000000000000
1 159 4.000000000000000 5.000000000000000 3.000000000000000
1 160 4.000000000000000 6.000000000000000 2.000000000000000
1 161 5.000000000000000 5.000000000000000 2.000000000000000
1 162 6.000000000000000 5.000000000000000 3.000000000000000
1 163 5.000000000000000 6.000000000000000 3.000000000000000
1 164 6.000000000000000 6.000000000000000 2.000000000000000
1 165 7.000000000000000 5.000000000000000 2.000000000000000
1 166 8.000000000000000 5.000000000000000 3.000000000000000
1 167 7.000000000000000 6.000000000000000 3.000000000000000
1 168 8.000000000000000 6.000000000000000 2.000000000000000
1 169 9.000000000000000 5.000000000000000 2.000000000000000
1 170 9.000000000000000 6.000000000000000 3.000000000000000
1 171 1.000000000000000 7.000000000000000 2.000000000000000
1 172 0.000000000000000 7.000000000000000 3.000000000000000
1 173 0.000000000000000 8.000000000000000 2.000000000000000
1 174 1.000000000000000 8.000000000000000 3.000000000000000
1 175 3.000000000000000 7.000000000000000 2.000000000000000
1 176 2.000000000000000 7.000000000000000 3.000000000000000
1 177 2.000000000000000 8.000000000000000 2.000000000000000
1 178 3.000000000000000 8.000000000000000 3.000000000000000
1 179 4.000000000000000 7.000000000000000 3.000000000000000
1 180 4.000000000000000 8.000000000000000 2.000000000000000
1 181 5.000000000000000 7.000000000000000 2.000000000000000
1 182 6.000000000000000 7.000000000000000 3.000000000000000
1 183 5.000000000000000 8.000000000000000 3.000000000000000
1 184 6.000000000000000 8.000000000000000 2.000000000000000
1 185 7.000000000000000 7.000000000000000 2.000000000000000
1 186 8.000000000000000 7.000000000000000 3.000000000000000
1 187 7.000000000000000 8.000000000000000 3.000000000000000
1 188 8.000000000000000 8.000000000000000 2.000000000000000
1 189 9.000000000000000 7.000000000000000 2.000000000000000
1 190 9.000000000000000 8.000000000000000 3.000000000000000
1 191 1.000000000000000 9.000000000000000 2.000000000000000
1 192 0.000000000000000 9.000000000000000 3.000000000000000
1 193 3.000000000000000 9.000000000000000 2.000000000000000
1 194 2.000000000000000 9.000000000000000 3.000000000000000
1 195 4.000000000000000 9.000000000000000 3.000000000000000
1 196 5.000000000000000 9.000000000000000 2.000000000000000
1 197 6.000000000000000 9.000000000000000 3.000000000000000
1 198 7.000000000000000 9.000000000000000 2.000000000000000
1 199 8.000000000000000 9.000000000000000 3.000000000000000
1 200 9.000000000000000 9.000000000000000 2.000000000000000
1 201 0.000000000000000 0.000000000000000 4.000000000000000
1 202 1.000000000000000 1.000000000000000 4.000000000000000
1 203 2.000000000000000 0.000000000000000 4.000000000000000
1 204 3.000000000000000 1.000000000000000 4.000000000000000
1 205 4.000000000000000 0.000000000000000 4.000000000000000
1 206 5.000000000000000 1.000000000000000 4.000000000000000
1 207 6.000000000000000 0.000000000000000 4.000000000000000
1 208 7.000000000000000 1.000000000000000 4.000000000000000
1 209 8.000000000000000 0.000000000000000 4.000000000000000
1 210 9.000000000000000 1.000000000000000 4.000000000000000
1 211 0.000000000000000 2.000000000000000 4.000000000000000
1 212 1.000000000000000 3.000000000000000 4.000000000000000
1 213 2.000000000000000 2.000000000000000 4.000000000000000
1 214 3.000000000000000 3.000000000000000 4.000000000000000
1 215 4.000000000000000 2.000000000000000 4.000000000000000
1 216 5.000000000000000 3.000000000000000 4.000000000000000
1 217 6.000000000000000 2.000000000000000 4.000000000000000
1 218 7.000000000000000 3.000000000000000 4.000000000000000
1 219 8.000000000000000 2.000000000000000 4.000000000000000
1 220 9.000000000000000 3.000000000000000 4.000000000000000
1 221 0.000000000000000 4.000000000000000 4.000000000000000
1 222 2.000000000000000 4.000000000000000 4.000000000000000
1 223 4.000000000000000 4.000000000000000 4.000000000000000
1 224 6.000000000000000 4.000000000000000 4.000000000000000
1 225 8.000000000000000 4.000000000000000 4.000000000000000
1 226 1.000000000000000 5.000000000000000 4.000000000000000
1 227 0.000000000000000 6.000000000000000 4.000000000000000
1 228 3.000000000000000 5.000000000000000 4.000000000000000
1 229 2.000000000000000 6.000000000000000 4.000000000000000
1 230 4.000000000000000 6.000000000000000 4.000000000000000
1 231 5.000000000000000 5.000000000000000 4.000000000000000
1 232 6.000000000000000 6.000000000000000 4.000000000000000
1 233 7.000000000000000 5.000000000000000 4.000000000000000
1 234 8.000000000000000 6.000000000000000 4.000000000000000
1 235 9.000000000000000 5.000000000000000 4.000000000000000
1 236 1.000000000000000 7.000000000000000 4.000000000000000
1 237 0.000000000000000 8.000000000000000 4.000000000000000
1 238 3.000000000000000 7.000000000000000 4.000000000000000
1 239 2.000000000000000 8.000000000000000 4.000000000000000
1 240 4.000000000000000 8.000000000000000 4.000000000000000
1 241 5.000000000000000 7.000000000000000 4.000000000000000
1 242 6.000000000000000 8.000000000000000 4.000000000000000
1 243 7.000000000000000 7.000000000000000 4.000000000000000
1 244 8.000000000000000 8.000000000000000 4.000000000000000
1 245 9.000000000000000 7.000000000000000 4.000000000000000
1 246 1.000000000000000 9.000000000000000 4.000000000000000
1 247 3.000000000000000 9.000000000000000 4.000000000000000
1 248 5.000000000000000 9.000000000000000 4.000000000000000
1 249 7.000000000000000 9.000000000000000 4.000000000000000
1 250 9.000000000000000 9.000000000000000 4.000000000000000
1 251 1.000000000000000 0.000000000000000 5.000000000000000
1 252 0.000000000000000 1.000000000000000 5.000000000000000
1 253 0.000000000000000 0.000000000000000 6.000000000000000
1 254 1.000000000000000 1.000000000000000 6.000000000000000
1 255 3.000000000000000 0.000000000000000 5.000000000000000
1 256 2.000000000000000 1.000000000000000 5.000000000000000
1 257 2.000000000000000 0.000000000000000 6.000000000000000
1 258 3.000000000000000 1.000000000000000 6.000000000000000
1 259 4.000000000000000 1.000000000000000 5.000000000000000
1 260 4.000000000000000 0.000000000000000 6.000000000000000
1 261 5.000000000000000 0.000000000000000 5.000000000000000
1 262 6.000000000000000 1.000000000000000 5.000000000000000
1 263 5.000000000000000 1.000000000000000 6.000000000000000
1 264 6.000000000000000 0.000000000000000 6.000000000000000
1 265 7.000000000000000 0.000000000000000 5.000000000000000
1 266 8.000000000000000 1.000000000000000 5.000000000000000
1 267 7.000000000000000 1.000000000000000 6.000000000000000
1 268 8.000000000000000 0.000000000000000 6.000000000000000
1 269 9.000000000000000 0.000000000000000 5.000000000000000
1 270 9.000000000000000 1.000000000000000 6.000000000000000
1 271 1.000000000000000 2.000000000000000 5.000000000000000
1 272 0.000000000000000 3.000000000000000 5.000000000000000
1 273 0.000000000000000 2.000000000000000 6.000000000000000
1 274 1.000000000000000 3.000000000000000 6.000000000000000
1 275 3.000000000000000 2.000000000000000 5.000000000000000
1 276 2.000000000000000 3.000000000000000 5.000000000000000
1 277 2.000000000000000 2.000000000000000 6.000000000000000
1 278 3.000000000000000 3.000000000000000 6.000000000000000
1 279 4.000000000000000 3.000000000000000 5.000000000000000
1 280 4.000000000000000 2.000000000000000 6.000000000000000
1 281 5.000000000000000 2.000000000000000 5.000000000000000
1 282 6.000000000000000 3.000000000000000 5.000000000000000
1 283 5.000000000000000 3.000000000000000 6.000000000000000
1 284 6.000000000000000 2.000000000000000 6.000000000000000
1 285 7.000000000000000 2.000000000000000 5.000000000000000
1 286 8.000000000000000 3.000000000000000 5.000000000000000
1 287 7.000000000000000 3.000000000000000 6.000000000000000
1 288 8.000000000000000 2.000000000000000 6.000000000000000
1 289 9.000000000000000 2.000000000000000 5.000000000000000
1 290 9.000000000000000 3.000000000000000 6.000000000000000
1 291 1.000000000000000 4.000000000000000 5.000000000000000
1 292 0.000000000000000 4.000000000000000 6.000000000000000
1 293 3.000000000000000 4.000000000000000 5.000000000000000
1 294 2.000000000000000 4.000000000000000 6.000000000000000
1 295 4.000000000000000 4.000000000000000 6.000000000000000
1 296 5.000000000000000 4.000000000000000 5.000000000000000
1 297 6.000000000000000 4.000000000000000 6.000000000000000
1 298 7.000000000000000 4.000000000000000 5.000000000000000
1 299 8.000000000000000 4.000000000000000 6.000000000000000
1 300 9.000000000000000 4.000000000000000 5.000000000000000
1 301 0.000000000000000 5.000000000000000 5.000000000000000
1 302 1.000000000000000 6.000000000000000 5.000000000000000
1 303 1.000000000000000 5.000000000000000 6.000000000000000
1 304 0.000000000000000 6.000000000000000 6.000000000000000
1 305 2.000000000000000 5.000000000000000 5.000000000000000
1 306 3.000000000000000 6.000000000000000 5.000000000000000
1 307 3.000000000000000 5.000000000000000 6.000000000000000
1 308 2.000000000000000 6.000000000000000 6.000000000000000
1 309 4.000000000000000 5.000000000000000 5.000000000000000
1 310 4.000000000000000 6.000000000000000 6.000000000000000
1 311 6.000000000000000 5.000000000000000 5.000000000000000
1 312 5.000000000000000 6.000000000000000 5.000000000000000
1 313 5.000000000000000 5.000000000000000 6.000000000000000
1 314 6.000000000000000 6.000000000000000 6.000000000000000
1 315 8.000000000000000 5.000000000000000 5.000000000000000
1 316 7.000000000000000 6.000000000000000 5.000000000000000
1 317 7.000000000000000 5.000000000000000 6.000000000000000
1 318 8.000000000000000 6.000000000000000 6.000000000000000
1 319 9.000000000000000 6.000000000000000 5.000000000000000
1 320 9.000000000000000 5.000000000000000 6.000000000000000
1 321 0.000000000000000 7.000000000000000 5.000000000000000
1 322 1.000000000000000 8.000000000000000 5.000000000000000
1 323 1.000000000000000 7.000000000000000 6.000000000000000
1 324 0.000000000000000 8.000000000000000 6.000000000000000
1 325 2.000000000000000 7.000000000000000 5.000000000000000
1 326 3.000000000000000 8.000000000000000 5.000000000000000
1 327 3.000000000000000 7.000000000000000 6.000000000000000
1 328 2.000000000000000 8.000000000000000 6.000000000000000
1 329 4.000000000000000 7.000000000000000 5.000000000000000
1 330 4.000000000000000 8.000000000000000 6.000000000000000
1 331 6.000000000000000 7.000000000000000 5.000000000000000
1 332 5.000000000000000 8.000000000000000 5.000000000000000
1 333 5.000000000000000 7.000000000000000 6.000000000000000
1 334 6.000000000000000 8.000000000000000 6.000000000000000
1 335 8.000000000000000 7.000000000000000 5.000000000000000
1 336 7.000000000000000 8.000000000000000 5.000000000000000
1 337 7.000000000000000 7.000000000000000 6.000000000000000
1 338 8.000000000000000 8.000000000000000 6.000000000000000
1 339 9.000000000000000 8.000000000000000 5.000000000000000
1 340 9.000000000000000 7.000000000000000 6.000000000000000
1 341 0.000000000000000 9.000000000000000 5.000000000000000
1 342 1.000000000000000 9.000000000000000 6.000000000000000
1 343 2.000000000000000 9.000000000000000 5.000000000000000
1 344 3.000000000000000 9.000000000000000 6.000000000000000
1 345 4.000000000000000 9.000000000000000 5.000000000000000
1 346 6.000000000000000 9.000000000000000 5.000000000000000
1 347 5.000000000000000 9.000000000000000 6.000000000000000
1 348 8.000000000000000 9.000000000000000 5.000000000000000
1 349 7.000000000000000 9.000000000000000 6.000000000000000
1 350 9.000000000000000 9.000000000000000 6.000000000000000
1 351 1.000000000000000 0.000000000000000 7.000000000000000
1 352 0.000000000000000 1.000000000000000 7.000000000000000
1 353 0.000000000000000 0.000000000000000 8.000000000000000
1 354 1.000000000000000 1.000000000000000 8.000000000000000
1 355 3.000000000000000 0.000000000000000 7.000000000000000
1 356 2.000000000000000 1.000000000000000 7.000000000000000
1 357 2.000000000000000 0.000000000000000 8.000000000000000
1 358 3.000000000000000 1.000000000000000 8.000000000000000
1 359 4.000000000000000 1.000000000000000 7.000000000000000
1 360 4.000000000000000 0.000000000000000 8.000000000000000
1 361 5.000000000000000 0.000000000000000 7.000000000000000
1 362 6.000000000000000 1.000000000000000 7.000000000000000
1 363 5.000000000000000 1.000000000000000 8.000000000000000
1 364 6.000000000000000 0.000000000000000 8.000000000000000
1 365 7.000000000000000 0.000000000000000 7.000000000000000
1 366 8.000000000000000 1.000000000000000 7.000000000000000
1 367 7.000000000000000 1.000000000000000 8.000000000000000
1 368 8.000000000000000 0.000000000000000 8.000000000000000
1 369 9.000000000000000 0.000000000000000 7.000000000000000
1 370 9.000000000000000 1.000000000000000 8.000000000000000
1 371 1.000000000000000 2.000000000000000 7.000000000000000
1 372 0.000000000000000 3.000000000000000 7.000000000000000
1 373 0.000000000000000 2.000000000000000 8.000000000000000
1 374 1.000000000000000 3.000000000000000 8.000000000000000
1 375 3.000000000000000 2.000000000000000 7.000000000000000
1 376 2.000000000000000 3.000000000000000 7.000000000000000
1 377 2.000000000000000 2.000000000000000 8.000000000000000
1 378 3.000000000000000 3.000000000000000 8.000000000000000
1 379 4.000000000000000 3.000000000000000 7.000000000000000
1 380 4.000000000000000 2.000000000000000 8.000000000000000
1 381 5.000000000000000 2.000000000000000 7.000000000000000
1 382 6.000000000000000 3.000000000000000 7.000000000000000
1 383 5.000000000000000 3.000000000000000 8.000000000000000
1 384 6.000000000000000 2.000000000000000 8.000000000000000
1 385 7.000000000000000 2.000000000000000 7.000000000000000
1 386 8.000000000000000 3.000000000000000 7.000000000000000
1 387 7.000000000000000 3.000000000000000 8.000000000000000
1 388 8.000000000000000 2.000000000000000 8.000000000000000
1 389 9.000000000000000 2.000000000000000 7.000000000000000
1 390 9.000000000000000 3.000000000000000 8.000000000000000
1 391 1.000000000000000 4.000000000000000 7.000000000000000
1 392 0.000000000000000 4.000000000000000 8.000000000000000
1 393 3.000000000000000 4.000000000000000 7.000000000000000
1 394 2.000000000000000 4.000000000000000 8.000000000000000
1 395 4.000000000000000 4.000000000000000 8.000000000000000
1 396 5.000000000000000 4.000000000000000 7.000000000000000
1 397 6.000000000000000 4.000000000000000 8.000000000000000
1 398 7.000000000000000 4.000000000000000 7.000000000000000
1 399 8.000000000000000 4.000000000000000 8.000000000000000
1 400 9.000000000000000 4.000000000000000 7.000000000000000
1 401 0.000000000000000 5.000000000000000 7.000000000000000
1 402 1.000000000000000 6.000000000000000 7.000000000000000
1 403 1.000000000000000 5.000000000000000 8.000000000000000
1 404 0.000000000000000 6.000000000000000 8.000000000000000
1 405 2.000000000000000 5.000000000000000 7.000000000000000
1 406 3.000000000000000 6.000000000000000 7.000000000000000
1 407 3.000000000000000 5.000000000000000 8.000000000000000
1 408 2.000000000000000 6.000000000000000 8.000000000000000
1 409 4.000000000000000 5.000000000000000 7.000000000000000
1 410 4.000000000000000 6.000000000000000 8.000000000000000
1 411 6.000000000000000 5.000000000000000 7.000000000000000
1 412 5.000000000000000 6.000000000000000 7.000000000000000
1 413 5.000000000000000 5.000000000000000 8.000000000000000
1 414 6.000000000000000 6.000000000000000 8.000000000000000
1 415 8.000000000000000 5.000000000000000 7.000000000000000
1 416 7.000000000000000 6.000000000000000 7.000000000000000
1 417 7.000000000000000 5.000000000000000 8.000000000000000
1 418 8.000000000000000 6.000000000000000 8.000000000000000
1 419 9.000000000000000 6.000000000000000 7.000000000000000
1 420 9.000000000000000 5.000000000000000 8.000000000000000
1 421 0.000000000000000 7.000000000000000 7.000000000000000
1 422 1.000000000000000 8.000000000000000 7.000000000000000
1 423 1.000000000000000 7.000000000000000 8.000000000000000
1 424 0.000000000000000 8.000000000000000 8.000000000000000
1 425 2.000000000000000 7.000000000000000 7.000000000000000
1 426 3.000000000000000 8.000000000000000 7.000000000000000
1 427 3.000000000000000 7.000000000000000 8.000000000000000
1 428 2.000000000000000 8.000000000000000 8.000000000000000
1 429 4.000000000000000 7.000000000000000 7.000000000000000
1 430 4.000000000000000 8.000000000000000 8.000000000000000
1 431 6.000000000000000 7.000000000000000 7.000000000000000
1 432 5.000000000000000 8.000000000000000 7.000000000000000
1 433 5.000000000000000 7.000000000000000 8.000000000000000
1 434 6.000000000000000 8.000000000000000 8.000000000000000
1 435 8.000000000000000 7.000000000000000 7.000000000000000
1 436 7.000000000000000 8.000000000000000 7.000000000000000
1 437 7.000000000000000 7.000000000000000 8.000000000000000
1 438 8.000000000000000 8.000000000000000 8.000000000000000
1 439 9.000000000000000 8.000000000000000 7.000000000000000
1 440 9.000000000000000 7.000000000000000 8.000000000000000
1 441 0.000000000000000 9.000000000000000 7.000000000000000
1 442 1.000000000000000 9.000000000000000 8.000000000000000
1 443 2.000000000000000 9.000000000000000 7.000000000000000
1 444 3.000000000000000 9.000000000000000 8.000000000000000
1 445 4.000000000000000 9.000000000000000 7.000000000000000
1 446 6.000000000000000 9.000000000000000 7.000000000000000
1 447 5.000000000000000 9.000000000000000 8.000000000000000
1 448 8.000000000000000 9.000000000000000 7.000000000000000
1 449 7.000000000000000 9.000000000000000 8.000000000000000
1 450 9.000000000000000 9.000000000000000 8.000000000000000
1 451 1.000000000000000 0.000000000000000 9.000000000000000
1 452 0.000000000000000 1.000000000000000 9.000000000000000
1 453 3.000000000000000 0.000000000000000 9.000000000000000
1 454 2.000000000000000 1.000000000000000 9.000000000000000
1 455 4.000000000000000 1.000000000000000 9.000000000000000
1 456 5.000000000000000 0.000000000000000 9.000000000000000
1 457 6.000000000000000 1.000000000000000 9.000000000000000
1 458 7.000000000000000 0.000000000000000 9.000000000000000
1 459 8.000000000000000 1.000000000000000 9.000000000000000
1 460 9.000000000000000 0.000000000000000 9.000000000000000
1 461 1.000000000000000 2.000000000000000 9.000000000000000
1 462 0.000000000000000 3.000000000000000 9.000000000000000
1 463 3.000000000000000 2.000000000000000 9.000000000000000
1 464 2.000000000000000 3.000000000000000 9.000000000000000
1 465 4.000000000000000 3.000000000000000 9.000000000000000
1 466 5.000000000000000 2.000000000000000 9.000000000000000
1 467 6.000000000000000 3.000000000000000 9.000000000000000
1 468 7.000000000000000 2.000000000000000 9.000000000000000
1 469 8.000000000000000 3.000000000000000 9.000000000000000
1 470 9.000000000000000 2.000000000000000 9.000000000000000
1 471 1.000000000000000 4.000000000000000 9.000000000000000
1 472 3.000000000000000 4.000000000000000 9.000000000000000
1 473 5.000000000000000 4.000000000000000 9.000000000000000
1 474 7.000000000000000 4.000000000000000 9.000000000000000
1 475 9.000000000000000 4.000000000000000 9.000000000000000
1 476 0.000000000000000 5.000000000000000 9.000000000000000
1 477 1.000000000000000 6.000000000000000 9.000000000000000
1 478 2.000000000000000 5.000000000000000 9.000000000000000
1 479 3.000000000000000 6.000000000000000 9.000000000000000
1 480 4.000000000000000 5.000000000000000 9.000000000000000
1 481 6.000000000000000 5.000000000000000 9.000000000000000
1 482 5.000000000000000 6.000000000000000 9.000000000000000
1 483 8.000000000000000 5.000000000000000 9.000000000000000
1 484 7.000000000000000 6.000000000000000 9.000000000000000
1 485 9.000000000000000 6.000000000000000 9.000000000000000
1 486 0.000000000000000 7.000000000000000 9.000000000000000
1 487 1.000000000000000 8.000000000000000 9.000000000000000
1 488 2.000000000000000 7.000000000000000 9.000000000000000
1 489 3.000000000000000 8.000000000000000 9.000000000000000
1 490 4.000000000000000 7.000000000000000 9.000000000000000
1 491 6.000000000000000 7.000000000000000 9.000000000000000
1 492 5.000000000000000 8.000000000000000 9.000000000000000
1 493 8.000000000000000 7.000000000000000 9.000000000000000
1 494 7.000000000000000 8.000000000000000 9.000000000000000
1 495 9.000000000000000 8.000000000000000 9.000000000000000
1 496 0.000000000000000 9.000000000000000 9.000000000000000
1 497 2.000000000000000 9.000000000000000 9.000000000000000
1 498 4.000000000000000 9.000000000000000 9.000000000000000
1 499 6.000000000000000 9.000000000000000 9.000000000000000
1 500 8.000000000000000 9.000000000000000 9.000000000000000
